  .000101  2.92681475E-05  1.17076136  2.38966677  993903.614  993898.305
  .050101  1.92948324E-05  1.17073182  2.38948169  6.26398709  .00816414154
  .100101  7.68144657E-05  1.17067962  2.38930287  6.25755788  .00110618613
  .150101  .000172657069  1.17059266  2.3890052  6.25630811  .000494414254
  .200101  .000306791242  1.17047094  2.38858862  6.25526344  .000468297526
  .250101  .000479190686  1.17031447  2.38805316  6.25405861  .000597315001
  .300101  .000689824406  1.1701232  2.38739887  6.2526276  .000803602459
  .350101  .000938655316  1.16989714  2.3866258  6.25095249  .00106591649
  .400101  .00122563988  1.16963626  2.385734  6.24902711  .00137683095
  .450101  .00155072801  1.16934055  2.38472356  6.24684904  .00173331233
  .500101  .00191386304  1.16900998  2.38359456  6.24441722  .00213393341
  .550101  .00231498167  1.16864451  2.3823471  6.24173122  .00257795876
  .600101  .00275401401  1.16824413  2.38098128  6.2387909  .00306498586
  .650101  .00323088356  1.16780881  2.37949722  6.23559629  .00359476061
  .700101  .00374550723  1.1673385  2.37789504  6.23214746  .00416713121
  .750101  .0042977953  1.16683317  2.37617487  6.2284446  .00478196607
  .800101  .00488765157  1.16629278  2.37433687  6.22448794  .00543921651
  .850101  .00551497312  1.16571729  2.37238117  6.22027767  .00613876045
  .900101  .00617965061  1.16510663  2.37030796  6.21581409  .00688056682
  .950101  .00688156812  1.16446077  2.36811739  6.21109747  .00766458397
  1.000101  .00762060319  1.16377966  2.36580966  6.20612814  .00849074774
  1.050101  .00839662685  1.16306322  2.36338495  6.20090641  .00935900992
  1.100101  .00920950362  1.16231142  2.36084346  6.19543263  .0102693074
  1.150101  .0100590916  1.16152417  2.3581854  6.18970717  .0112216086
  1.200101  .0109452424  1.16070141  2.35541099  6.1837304  .0122158567
  1.250101  .0118678013  1.15984306  2.35252047  6.17750273  .0132519991
  1.300101  .0128266068  1.15894908  2.34951405  6.17102456  .0143299747
  1.350101  .0138214915  1.15801934  2.34639199  6.16429632  .0154497411
  1.400101  .0148522813  1.15705379  2.34315455  6.15731845  .0166112429
  1.450101  .0159187957  1.15605235  2.33980197  6.15009141  .0178144168
  1.500101  .0170208482  1.15501489  2.33633453  6.14261566  .0190592167
  1.550101  .0181582457  1.15394135  2.33275251  6.1348917  .020345583
  1.600101  .019330789  1.15283161  2.32905619  6.12692002  .0216734598
  1.650101  .0205382723  1.15168558  2.32524586  6.11870112  .023042781
  1.700101  .0217804838  1.15050314  2.32132182  6.11023552  .024453475
  1.750101  .0230572058  1.14928417  2.31728438  6.10152379  .0259055283
  1.800101  .0243682138  1.14802856  2.31313385  6.09256644  .0273988436
  1.850101  .0257132774  1.14673619  2.30887056  6.08336404  .0289333605
  1.900101  .0270921603  1.14540691  2.30449482  6.07391716  .030509043
  1.950101  .0285046199  1.1440406  2.30000697  6.0642264  .0321258198
  2.000101  .0299504072  1.14263712  2.29540736  6.05429232  .0337836256
  2.050101  .0314292676  1.1411963  2.29069632  6.04411553  .0354824001
  2.100101  .0329409404  1.13971802  2.2858742  6.03369664  .0372220934
  2.150101  .0344851588  1.13820209  2.28094137  6.02303627  .0390026522
  2.200101  .0360616499  1.13664837  2.27589818  6.01213506  .0408239998
  2.250101  .0376701351  1.13505666  2.27074501  6.00099362  .0426860973
  2.300101  .0393103296  1.13342681  2.26548221  5.98961261  .0445888795
  2.350101  .0409819432  1.1317586  2.26011018  5.97799269  .0465322995
  2.400101  .0426846794  1.13005186  2.25462928  5.96613449  .0485163026
  2.450101  .0444182358  1.12830639  2.2490399  5.95403869  .0505408307
  2.500101  .0461823046  1.12652197  2.24334244  5.94170597  .0526058377
  2.550101  .047976572  1.12469839  2.23753728  5.92913698  .0547112756
  2.600101  .0498007183  1.12283543  2.23162481  5.91633242  .0568570898
  2.650101  .0516544184  1.12093286  2.22560545  5.90329297  .0590432445
  2.700101  .0535373415  1.11899043  2.21947959  5.89001933  .0612696975
  2.750101  .0554491508  1.11700791  2.21324763  5.87651218  .0635363949
  2.800101  .0573895042  1.11498503  2.20690999  5.86277224  .0658433055
  2.850101  .0593580536  1.11292154  2.20046708  5.8488002  .0681903781
  2.900101  .0613544461  1.11081717  2.19391931  5.83459677  .070577591
  2.950101  .0633783224  1.10867164  2.18726711  5.82016267  .0730048981
  3.000101  .0654293182  1.10648467  2.18051089  5.80549862  .0754722644
  3.050101  .0675070635  1.10425597  2.17365107  5.79060533  .077979659
  3.100101  .069611183  1.10198523  2.16668809  5.77548355  .0805270478
  3.150101  .0717412958  1.09967216  2.15962239  5.760134  .0831143953
  3.200101  .0738970159  1.09731645  2.15245439  5.74455742  .0857416653
  3.250101  .0760779516  1.09491777  2.14518453  5.72875456  .0884088295
  3.300101  .0782837063  1.0924758  2.13781326  5.71272618  .0911158546
  3.350101  .0805138775  1.08999023  2.13034104  5.69647304  .0938626956
  3.400101  .0827680581  1.08746071  2.12276831  5.6799959  .0966493255
  3.450101  .0850458355  1.08488692  2.11509554  5.66329556  .0994756957
  3.500101  .0873467921  1.08226851  2.1073232  5.64637282  .10234177
  3.550101  .0896705044  1.07960515  2.09945177  5.62922846  .105247478
  3.600101  .092016545  1.07689651  2.09148173  5.61186334  .108192782
  3.650101  .0943844808  1.07414223  2.08341358  5.59427828  .111177616
  3.700101  .0967738738  1.07134199  2.07524783  5.57647416  .114201913
  3.750101  .0991842812  1.06849546  2.06698499  5.55845186  .117265589
  3.800101  .101615255  1.0656023  2.05862561  5.54021228  .120368541
  3.850101  .104066342  1.0626622  2.05017023  5.52175637  .123510666
  3.900101  .106537086  1.05967484  2.04161942  5.50308512  .12669188
  3.950101  .109027024  1.05663993  2.03297376  5.48419951  .129912002
  4.000101  .111535691  1.05355718  2.02423387  5.46510061  .133170911
  4.050101  .114062614  1.0504263  2.01540037  5.44578949  .13646842
  4.100101  .116607319  1.04724705  2.00647393  5.4262673  .139804328
  4.150101  .119169324  1.04401919  1.99745522  5.40653524  .143178426
  4.200101  .121748148  1.04074251  1.98834496  5.38659456  .146590454
  4.250101  .1243433  1.03741682  1.9791439  5.36644655  .150040135
  4.300101  .126954289  1.03404196  1.96985283  5.34609262  .153527148
  4.350101  .12958062  1.03061781  1.96047257  5.32553421  .157051148
  4.400101  .132221791  1.02714428  1.95100399  5.30477288  .160611733
  4.450101  .134877301  1.02362132  1.94144801  5.28381026  .164208486
  4.500101  .137546643  1.02004892  1.93180559  5.26264806  .167840908
  4.550101  .140229307  1.01642712  1.92207774  5.24128812  .17150847
  4.600101  .14292478  1.01275602  1.91226556  5.21973238  .175210584
  4.650101  .145632546  1.00903577  1.90237017  5.1979829  .178946596
  4.700101  .14835209  1.00526657  1.89239278  5.17604189  .18271582
  4.750101  .151082888  1.0014487  1.88233468  5.15391164  .186517446
  4.800101  .15382442  .997582495  1.8721972  5.13159464  .19035065
  4.850101  .156576162  .993668386  1.8619818  5.10909352  .1942145
  4.900101  .159337589  .989706865  1.85168997  5.08641106  .198107994
  4.950101  .162108174  .985698515  1.84132333  5.06355022  .202030042
  5.000101  .164887389  .98164401  1.83088357  5.04051416  .205979464
  5.050101  .167674709  .977544115  1.82037251  5.01730621  .209954998
  5.100101  .170469605  .973399697  1.80979203  4.99392991  .213955264
  5.150101  .17327155  .969211735  1.79914416  4.97038902  .217978787
  5.200101  .176080019  .964981307  1.78843103  4.94668753  .222024005
  5.250101  .178894487  .960709611  1.77765487  4.92282962  .226089207
  5.300101  .181714431  .956397975  1.76681807  4.89881977  .230172586
  5.350101  .18453933  .952047845  1.75592312  4.87466268  .234272211
  5.400101  .187368669  .947660799  1.74497266  4.85036332  .238386037
  5.450101  .190201932  .943238548  1.73396945  4.82592692  .242511873
  5.500101  .19303861  .938782954  1.72291641  4.801359  .246647397
  5.550101  .195878199  .934296017  1.71181661  4.77666538  .250790169
  5.600101  .198720197  .929779892  1.70067325  4.75185217  .254937581
  5.650101  .201564113  .925236888  1.68948972  4.72692577  .259086895
  5.700101  .20440946  .920669471  1.67826952  4.70189293  .263235239
  5.750101  .207255757  .916080267  1.66701636  4.67676067  .267379573
  5.800101  .210102535  .911472078  1.65573408  4.65153639  .271516716
  5.850101  .212949333  .906847869  1.64442672  4.62622781  .275643327
  5.900101  .215795697  .902210773  1.63309845  4.60084295  .279755918
  5.950101  .218641188  .897564113  1.62175365  4.57539023  .283850836
  6.000101  .221485375  .892911372  1.61039685  4.54987839  .287924282
  6.050101  .224327843  .888256231  1.59903279  4.52431653  .291972286
  6.100101  .227168187  .883602536  1.58766633  4.4987141  .295990732
  6.150101  .230006018  .878954332  1.57630257  4.47308092  .299975333
  6.200101  .232840964  .874315833  1.56494675  4.44742715  .303921655
  6.250101  .235672666  .869691449  1.55360429  4.42176334  .307825108
  6.300101  .238500784  .865085772  1.5422808  4.39610037  .311680935
  6.350101  .241324997  .860503583  1.53098208  4.37044951  .31548423
  6.400101  .244145002  .855949842  1.51971409  4.34482237  .319229934
  6.450101  .246960517  .851429703  1.50848295  4.31923094  .322912842
  6.500101  .249771281  .846948506  1.497295  4.29368754  .326527584
  6.550101  .252577057  .842511763  1.48615672  4.26820488  .330068662
  6.600101  .255377628  .838125185  1.47507476  4.24279599  .333530416
  6.650101  .258172807  .833794658  1.46405597  4.21747429  .336907061
  6.700101  .260962429  .829526257  1.45310735  4.19225352  .340192648
  6.750101  .263746356  .825326234  1.44223606  4.16714778  .343381106
  6.800101  .266523473  .819559677  1.429764  4.13932026  .348492501
  6.850101  .269290794  .816045344  1.41961825  4.11538195  .350771253
  6.900101  .272054258  .812702207  1.40965652  4.09175902  .352847778
  6.950101  .274814092  .809500281  1.39984844  4.06840341  .35476255
  7.000101  .277570419  .80640835  1.39016237  4.04526412  .356556655
  7.050101  .280323259  .803396142  1.38056765  4.02229102  .35826915
  7.100101  .28307253  .800436176  1.37103648  3.99943818  .359934825
  7.150101  .285818062  .797505268  1.36154552  3.97666655  .361582471
  7.200101  .288559611  .794585554  1.3520769  3.95394593  .363233733
  7.250101  .291296882  .791665123  1.34261892  3.93125616  .364902494
  7.300101  .294029546  .788738197  1.33316623  3.90858766  .366594782
  7.350101  .29675727  .785804926  1.32371961  3.88594111  .368309196
  7.400101  .299479731  .782870846  1.31428542  3.86332671  .370037702
  7.450101  .302196641  .779946017  1.30487471  3.8407627  .371766827
  7.500101  .304907762  .777043997  1.29550216  3.81827369  .373479021
  7.550101  .307612918  .774180639  1.28618479  3.79588857  .375154224
  7.600101  .310312004  .771372842  1.27694073  3.77363835  .376771457
  7.650101  .313004985  .768637291  1.26778783  3.75155394  .378310384
  7.700101  .3156919  .765989286  1.25874251  3.72966408  .379752768
  7.750101  .318372852  .763441683  1.2498186  3.70799343  .381083742
  7.800101  .321047994  .761003973  1.24102638  3.68656083  .382292887
  7.850101  .323717521  .758681612  1.23237191  3.66537815  .383375003
  7.900101  .326381649  .756475486  1.22385644  3.64444917  .384330668
  7.950101  .329040595  .754381672  1.21547618  3.62376911  .38516645
  8.000101  .331694556  .752391395  1.20722222  3.60332448  .385894861
  8.050101  .334343691  .750491178  1.19908072  3.58309322  .386534067
  8.100101  .336988099  .748663251  1.19103333  3.5630454  .387107287
  8.150101  .339627799  .746886105  1.18305776  3.5431441  .387642029
  8.200101  .342262716  .745135213  1.17512854  3.52334666  .388169112
  8.250101  .344892668  .743383915  1.16721798  3.50360621  .388721513
  8.300101  .347517355  .741604342  1.15929712  3.48387329  .389333172
  8.350101  .350136355  .739768462  1.15133684  3.46409773  .390037679
  8.400101  .352749126  .737849106  1.14330895  3.44423047  .390866982
  8.450101  .355355002  .735820977  1.13518728  3.42422542  .391850149
  8.500101  .357953212  .733661607  1.12694867  3.40404123  .393012221
  8.550101  .360542891  .731352206  1.11857388  3.38364287  .394373223
  8.600101  .363123085  .728878351  1.11004833  3.36300286  .395947304
  8.650101  .36569279  .726230519  1.10136268  3.34210244  .397742249
  8.700101  .36825096  .723404405  1.09251314  3.32093215  .399759105
  8.750101  .370796542  .720401046  1.08350163  3.29949216  .40199218
  8.800101  .373328491  .717226694  1.07433565  3.27779209  .404429259
  8.850101  .3758458  .713892498  1.06502791  3.25585058  .407052122
  8.900101  .378347519  .710413982  1.0555958  3.23369433  .409837297
  8.950101  .380832786  .706810325  1.04606059  3.21135699  .412757078
  9.000101  .383300832  .703103535  1.0364466  3.18887759  .415780596
  9.050101  .385750995  .699317487  1.02678009  3.16629888  .418875095
  9.100101  .388182737  .695476922  1.01708824  3.14366558  .422007272
  9.150101  .390595638  .691606397  1.00739802  3.12102241  .425144567
  9.200101  .392989399  .687729288  .997735065  3.09841233  .428256477
  9.250101  .395363837  .683866814  .988122692  3.07587473  .431315728
  9.300101  .397718872  .680037181  .978580936  3.0534439  .43429936
  9.350101  .400054505  .676254839  .969125757  3.03114752  .437189573
  9.400101  .402370813  .672529865  .959768386  3.00900565  .439974488
  9.450101  .404667912  .668867514  .950514829  2.98702972  .442648596
  9.500101  .406945941  .665267942  .941365578  2.96522205  .445213044
  9.550101  .409205029  .661726105  .932315505  2.94357558  .447675646
  9.600101  .411445281  .658231831  .92335394  2.92207395  .450050746
  9.650101  .413666726  .654770085  .914464957  2.90069186  .452358692
  9.700101  .415869323  .651321391  .905627849  2.87939588  .454625303
  9.750101  .418052913  .647862438  .896817775  2.85814541  .456880941
  9.800101  .420217214  .644366823  .888006582  2.83689403  .459159524
  9.850101  .422361796  .640805947  .879163774  2.81559111  .461497291
  9.900101  .424486078  .637150024  .870257616  2.79418359  .46393149
  9.950101  .426589307  .633369157  .861256302  2.7726179  .466498927
  10.000101  .428670588  .629434473  .85212921  2.75084215  .469234574
  10.050101  .430728857  .625319282  .84284814  2.72880813  .472170006
  10.100101  .432762913  .621000177  .833388535  2.70647339  .475332068
  10.150101  .434771439  .616458055  .82373058  2.68380316  .478741617
  10.200101  .436753018  .611678996  .813860161  2.66077193  .482412432
  10.250101  .438706162  .606654978  .803769647  2.63736488  .486350388
  10.300101  .440629361  .601384323  .793458359  2.6135787  .490553014
  10.350101  .4425211  .595871923  .782932822  2.58942205  .495009271
  10.400101  .444379909  .590129158  .772206648  2.56491547  .499699806
  10.450101  .446204397  .58417352  .761300127  2.54009072  .504597558
  10.500101  .447993277  .578027977  .750239508  2.51498965  .509668673
  10.550101  .449745416  .57172003  .739055956  2.48966256  .514873888
  10.600101  .45145984  .565280595  .727784311  2.46416608  .52017002
  10.650101  .453135765  .558742649  .716461589  2.4385608  .525511837
  10.700101  .454772599  .552139789  .705125397  2.41290863  .530853962
  10.750101  .456369948  .54550467  .693812202  2.38726996  .536152936
  10.800101  .457927608  .538867459  .682555634  2.36170082  .541369227
  10.850101  .459445546  .532254281  .671384778  2.33625013  .546469224
  10.900101  .460923874  .525685743  .660322557  2.31095695  .551427082
  10.950101  .462362807  .519175548  .649384217  2.28584803  .556226437
  11.000101  .463762634  .51272925  .638575979  2.26093555  .560861941
  11.050101  .465123652  .506343144  .627893833  2.23621512  .565340522
  11.100101  .466446108  .500003339  .617322551  2.21166413  .569682441
  11.150101  .467730139  .493685027  .606834916  2.18724048  .573922066
  11.200101  .468975708  .487351988  .596391214  2.1628817  .578108323
  11.250101  .470182507  .480956365  .585939027  2.13850458  .582304732
  11.300101  .471349914  .474438767  .575413403  2.11400549  .586589095
  11.350101  .472476894  .467728812  .564737497  2.08926135  .591052527
  11.400101  .473561947  .460746122  .55382373  2.06413164  .59579795
  11.450101  .474603032  .453401956  .542575633  2.03846139  .600937729
  11.500101  .475597524  .445601515  .530890453  2.01208556  .606590466
  11.550101  .476542183  .43724704  .51866261  1.98483483  .612876794
  11.600101  .477433129  .428241728  .505788059  1.95654284  .619914112
  11.650101  .478265873  .418494428  .492169499  1.9270549  .627810409
  11.700101  .479035358  .40792502  .477722318  1.89623787  .636657235
  11.750101  .479736043  .396470228  .462380994  1.86399072  .646522214
  11.800101  .480362029  .384089481  .446105516  1.83025503  .657441612
  11.850101  .480907228  .370770295  .428887238  1.79502448  .669413676
  11.900101  .481365552  .356532656  .410753603  1.75835215  .682393401
  11.950101  .48173115  .341431717  .391770943  1.72035463  .69628966
  12.000101  .481998629  .325558324  .372044861  1.68121177  .710965263
  12.050101  .482163307  .309037058  .351717828  1.64116179  .726240383
  12.100101  .482221416  .292021651  .330963876  1.60049153  .7418994
  12.150101  .482170285  .274688127  .309980773  1.5595226  .75770071
  12.200101  .482008474  .257226207  .288980314  1.51859468  .773388679
  12.250101  .481677009  .185016522  .207647772  1.38935775  .861568393
  12.300101  .480870253  .153699237  .171952942  1.32770829  .893756248
  12.350101  .47988222  .124740486  .139065581  1.27071929  .922281264
  12.400101  .478681989  .0889078871  .0988207922  1.20452066  .959332265
  12.450101  .477239168  .0510139867  .0565666955  1.13713062  .99839709
  12.500101  .475571464  .0216474192  .0239655699  1.08366033  1.02547019
  12.550101  .473769604  .00745103015  .00823965586  1.05196711  1.03206766
  12.600101  .471920328  .00236343471  .00261083958  1.03284996  1.0265583
  12.650101  .470063196  .00053627323  .000593511993  1.01827188  1.01684308
  12.700101  .468215315  .000270977264  .000299475674  1.00595256  1.00523188
  12.750101  .466380559  .00013489026  .000148812167  .993990035  .99363204
  12.800101  .464559416  5.54765449E-05  6.11030389E-05  .982285165  .982138213
  12.850101  .462752041  1.76496751E-05  1.94174186E-05  .970814661  .970767975
  12.900101  .460958514  5.00408157E-06  5.49907806E-06  .959553588  .95954037
  12.950101  .459178785  1.38237597E-06  1.51626206E-06  .948477343  .948473699
