  .000101  2.92681059E-05  .806033037  1.0915207  993900.795  993898.301
  .050101  9.09469559E-06  .806003748  1.09142915  2.90282205  .0081476158
  .100101  3.60988395E-05  .805993058  1.0913959  2.89661096  .00104042648
  .150101  8.1118673E-05  .805975334  1.09134063  2.8958683  .000346671032
  .200101  .000144136305  .805950549  1.09126328  2.89554384  .000205813415
  .250101  .000225144346  .805918688  1.09116383  2.89526675  .000187373077
  .300101  .0003241361  .805879735  1.09104226  2.89496995  .000213493683
  .350101  .000441104165  .805833667  1.09089857  2.89463512  .000262956306
  .400101  .000576040072  .805780465  1.09073274  2.89425584  .000328367953
  .450101  .000728934176  .805720093  1.09054474  2.89382946  .000406722475
  .500101  .000899775592  .80565252  1.09033454  2.89335471  .000496619853
  .550101  .00108855219  .805577713  1.09010214  2.89283094  .000597375845
  .600101  .00129525057  .80549563  1.08984748  2.89225776  .000708632854
  .650101  .00151985605  .80540623  1.08957056  2.8916349  .000830184134
  .700101  .00176235268  .805309463  1.08927132  2.89096219  .000961924857
  .750101  .00202272319  .805205282  1.08894974  2.89023946  .00110378903
  .800101  .00230094904  .805093629  1.08860578  2.88946661  .00125575738
  .850101  .00259701039  .804974448  1.08823939  2.88864349  .0014178185
  .900101  .00291088608  .804847673  1.08785053  2.88777  .00158998232
  .950101  .00324255365  .804713245  1.08743915  2.88684603  .00177225865
  1.000101  .00359198932  .804571088  1.08700521  2.88587145  .00196467821
  1.050101  .00395916797  .804421133  1.08654865  2.88484615  .00216725547
  1.100101  .00434406322  .804263306  1.08606942  2.88377001  .00238003279
  1.150101  .00474664726  .80409752  1.08556746  2.88264291  .00260304323
  1.200101  .00516689098  .803923694  1.08504271  2.8814647  .00283631738
  1.250101  .00560476397  .803741744  1.08449512  2.88023527  .00307990082
  1.300101  .0060602344  .803551577  1.08392461  2.87895447  .00333383622
  1.350101  .00653326909  .8033531  1.08333112  2.87762216  .00359816343
  1.400101  .00702383354  .803146211  1.08271458  2.8762382  .00387293894
  1.450101  .0075318918  .802930819  1.08207493  2.87480243  .00415819496
  1.500101  .00805740658  .802706814  1.08141209  2.87331469  .0044539877
  1.550101  .00860033921  .802474092  1.08072599  2.87177484  .00476036841
  1.600101  .00916064962  .80223254  1.08001654  2.8701827  .00507739257
  1.650101  .00973829627  .80198205  1.07928368  2.86853811  .0054051054
  1.700101  .0103332363  .801722506  1.07852733  2.86684091  .00574356478
  1.750101  .0109454253  .801453791  1.07774739  2.86509091  .00609282266
  1.800101  .0115748175  .801175783  1.0769438  2.86328795  .00645293623
  1.850101  .0122213658  .800888359  1.07611647  2.86143184  .00682396517
  1.900101  .0128850215  .800591402  1.07526532  2.85952241  .00720595781
  1.950101  .0135657345  .800284776  1.07439025  2.85755947  .00759898029
  2.000101  .0142634531  .799968361  1.0734912  2.85554284  .00800308078
  2.050101  .0149781244  .799642025  1.07256806  2.85347233  .0084183137
  2.100101  .0157096938  .799305637  1.07162076  2.85134778  .00884475198
  2.150101  .0164581052  .798959068  1.07064922  2.84916897  .0092824297
  2.200101  .0172233012  .798602179  1.06965333  2.84693574  .00973141867
  2.250101  .0180052228  .798234845  1.06863304  2.8446479  .0101917667
  2.300101  .0188038094  .79785693  1.06758824  2.84230528  .0106635297
  2.350101  .0196189989  .797468301  1.06651886  2.83990767  .0111467518
  2.400101  .0204507277  .797068827  1.06542482  2.83745492  .0116414819
  2.450101  .0212989308  .796658374  1.06430604  2.83494685  .0121477733
  2.500101  .0221635416  .796236812  1.06316245  2.83238329  .0126656747
  2.550101  .0230444919  .795804012  1.06199397  2.82976407  .0131952272
  2.600101  .0239417119  .79535985  1.06080053  2.82708905  .0137364599
  2.650101  .0248551304  .794904197  1.05958207  2.82435805  .0142894187
  2.700101  .0257846746  .794436933  1.05833852  2.82157096  .0148541377
  2.750101  .0267302703  .793957937  1.05706982  2.81872761  .0154306458
  2.800101  .0276918413  .793467095  1.05577593  2.81582789  .0160189605
  2.850101  .0286693105  .792964294  1.0544568  2.81287167  .0166191114
  2.900101  .0296625987  .792449429  1.05311237  2.80985886  .0172311031
  2.950101  .0306716255  .791922397  1.05174263  2.80678936  .0178549488
  3.000101  .0316963089  .791383101  1.05034752  2.80366307  .0184906561
  3.050101  .0327365653  .790831446  1.04892704  2.80047994  .0191382237
  3.100101  .0337923096  .790267354  1.04748117  2.7972399  .0197976384
  3.150101  .0348634551  .789690743  1.0460099  2.79394292  .0204688813
  3.200101  .0359499141  .789101545  1.04451323  2.79058898  .0211519371
  3.250101  .0370515966  .788499693  1.04299117  2.78717806  .0218467717
  3.300101  .0381684119  .787885138  1.04144374  2.78371018  .0225533452
  3.350101  .0393002673  .787257835  1.03987098  2.78018537  .0232716094
  3.400101  .0404470689  .786617744  1.03827292  2.77660369  .0240015089
  3.450101  .0416087215  .785964842  1.03664961  2.77296521  .0247429795
  3.500101  .0427851283  .78529911  1.03500113  2.76927002  .0254959488
  3.550101  .0439761912  .784620548  1.03332753  2.76551824  .026260324
  3.600101  .0451818107  .78392916  1.03162892  2.76171002  .0270360155
  3.650101  .0464018861  .783224962  1.02990538  2.75784552  .0278229189
  3.700101  .0476363154  .782507987  1.02815704  2.75392494  .0286209179
  3.750101  .0488849953  .781778275  1.02638402  2.7499485  .0294298849
  3.800101  .0501478211  .781035882  1.02458645  2.74591644  .0302496814
  3.850101  .0514246874  .780280875  1.0227645  2.74182903  .0310801624
  3.900101  .0527154872  .779513337  1.02091833  2.73768659  .0319211642
  3.950101  .0540201126  .77873336  1.01904813  2.73348944  .0327725194
  4.000101  .0553384545  .777941056  1.01715408  2.72923794  .03363404
  4.050101  .0566704029  .777136542  1.01523641  2.72493247  .0345055387
  4.100101  .0580158469  .776319958  1.01329534  2.72057346  .0353868078
  4.150101  .0593746744  .775491447  1.01133111  2.71616135  .0362776343
  4.200101  .0607467727  .77465118  1.00934397  2.71169663  .0371777861
  4.250101  .062132028  .77379933  1.0073342  2.70717979  .038087031
  4.300101  .0635303261  .772936083  1.00530209  2.70261137  .0390051231
  4.350101  .0649415516  .772061647  1.00324791  2.69799193  .0399318035
  4.400101  .0663655888  .771176238  1.00117201  2.69332207  .0408668044
  4.450101  .0678023214  .770280078  .999074678  2.6886024  .0418098609
  4.500101  .0692516313  .769373408  .996956269  2.68383354  .0427606707
  4.550101  .0707134024  .768456479  .994817127  2.6790162  .0437189707
  4.600101  .0721875164  .767529549  .992657611  2.67415104  .0446844589
  4.650101  .0736738534  .766592892  .990478093  2.66923876  .045656811
  4.700101  .0751722964  .765646779  .988278943  2.66428013  .0466357566
  4.750101  .0766827251  .7646915  .986060553  2.65927586  .0476209623
  4.800101  .078205021  .76372734  .98382331  2.65422675  .0486121429
  4.850101  .0797390629  .762754603  .981567618  2.64913354  .0496089525
  4.900101  .0812847331  .761773579  .979293872  2.64399706  .0506111213
  4.950101  .0828419097  .760784578  .977002481  2.63881807  .0516183091
  5.000101  .0844104733  .759787895  .974693847  2.6335974  .0526302264
  5.050101  .0859903041  .758783834  .972368376  2.62833584  .0536465775
  5.100101  .0875812811  .75777269  .970026468  2.6230342  .054667064
  5.150101  .0891832851  .756754759  .967668524  2.61769329  .0556914124
  5.200101  .0907961948  .755730319  .965294928  2.61231388  .0567193459
  5.250101  .09241989  .754699651  .962906065  2.60689675  .0577506033
  5.300101  .0940542512  .753663018  .960502306  2.60144269  .0587849527
  5.350101  .0956991578  .752620669  .958084008  2.59595242  .0598221655
  5.400101  .0973544887  .75157284  .955651511  2.59042665  .0608620288
  5.450101  .0990201247  .750519746  .953205141  2.58486609  .0619043663
  5.500101  .100695945  .749461581  .950745198  2.57927137  .0629490182
  5.550101  .102381829  .748398513  .948271961  2.57364311  .0639958516
  5.600101  .104077656  .747330694  .945785688  2.56798189  .0650447553
  5.650101  .105783306  .746258231  .943286599  2.56228821  .0660956594
  5.700101  .107498656  .745181209  .940774889  2.55656255  .067148522
  5.750101  .109223587  .744099672  .938250713  2.5508053  .0682033481
  5.800101  .110957976  .743013641  .9357142  2.54501681  .0692601631
  5.850101  .1127017  .741923074  .933165428  2.53919735  .070319045
  5.900101  .114454637  .740827904  .930604436  2.53334711  .0713801156
  5.950101  .116216663  .739728008  .928031219  2.5274662  .0724435376
  6.000101  .117987654  .738623218  .925445723  2.52155464  .07350952
  6.050101  .119767483  .737513322  .92284785  2.51561239  .0745783196
  6.100101  .121556023  .736398037  .920237434  2.50963927  .0756502551
  6.150101  .123353147  .735277038  .917614269  2.50363503  .076725691
  6.200101  .125158724  .734149938  .914978087  2.49759929  .0778050398
  6.250101  .126972623  .733016291  .912328559  2.4915316  .0788887775
  6.300101  .12879471  .731875578  .909665291  2.48543136  .0799774469
  6.350101  .130624849  .730727235  .906987838  2.47929788  .0810716253
  6.400101  .132462902  .72957061  .904295674  2.47313032  .082171972
  6.450101  .134308728  .728405  .901588221  2.46692775  .0832791924
  6.500101  .136162183  .727229629  .898864829  2.4606891  .0843940553
  6.550101  .13802312  .726043651  .896124781  2.45441319  .0855173949
  6.600101  .139891388  .724846153  .893367295  2.44809869  .0866500872
  6.650101  .141766832  .723636148  .890591517  2.44174416  .0877930904
  6.700101  .143649295  .722412589  .887796537  2.43534803  .0889473915
  6.750101  .145538613  .721174352  .884981362  2.42890861  .0901140615
  6.800101  .147434619  .719920253  .882144951  2.42242406  .0912941999
  6.850101  .149337141  .718649036  .879286188  2.41589246  .0924889739
  6.900101  .151246  .717359394  .876403912  2.40931176  .0936995789
  6.950101  .153161014  .716049944  .873496886  2.40267976  .0949272783
  7.000101  .155081993  .714719256  .870563829  2.39599421  .0961733563
  7.050101  .157008743  .713365853  .867603415  2.38925273  .0974391288
  7.100101  .158941063  .711988192  .864614259  2.38245283  .0987259649
  7.150101  .160878743  .710584701  .861594946  2.37559198  .100035228
  7.200101  .162821569  .709153766  .858544024  2.36866753  .101368315
  7.250101  .164769319  .707693739  .855460009  2.36167679  .10272663
  7.300101  .166721764  .706202942  .852341394  2.35461702  .104111587
  7.350101  .168678667  .704679692  .849186666  2.34748543  .105524578
  7.400101  .170639783  .703122282  .845994295  2.3402792  .106967
  7.450101  .17260486  .701529015  .842762761  2.33299551  .108440212
  7.500101  .174573638  .699898189  .839490548  2.32563153  .109945553
  7.550101  .176545848  .69822813  .836176166  2.31818447  .111484314
  7.600101  .178521216  .696517188  .832818158  2.31065157  .113057732
  7.650101  .180499456  .694763747  .829415099  2.30303012  .114666985
  7.700101  .182480277  .692966237  .825965621  2.2953175  .116313183
  7.750101  .184463378  .691123157  .822468422  2.28751119  .117997339
  7.800101  .186448454  .689233068  .818922271  2.27960877  .119720377
  7.850101  .188435189  .687294615  .81532602  2.27160795  .12148312
  7.900101  .190423262  .685306539  .811678626  2.26350664  .123286261
  7.950101  .192412344  .683267685  .807979149  2.25530289  .125130373
  8.000101  .194402099  .681177012  .804226768  2.24699497  .127015892
  8.050101  .196392187  .679033614  .800420802  2.23858136  .128943092
  8.100101  .198382262  .676836717  .796560702  2.23006078  .130912105
  8.150101  .200371972  .674585703  .79264608  2.22143222  .132922877
  8.200101  .20236096  .672280106  .788676703  2.21269494  .134975192
  8.250101  .204348868  .669919636  .784652515  2.2038485  .137068643
  8.300101  .206335332  .667504176  .780573639  2.19489276  .139202634
  8.350101  .208319988  .665033789  .776440373  2.18582789  .141376382
  8.400101  .21030247  .662508735  .772253221  2.17665444  .143588896
  8.450101  .212282411  .659929469  .76801288  2.16737327  .145838983
  8.500101  .214259443  .657296634  .763720235  2.15798558  .148125265
  8.550101  .216233202  .654611088  .75937639  2.14849296  .150446142
  8.600101  .218203325  .651873873  .75498263  2.13889733  .152799839
  8.650101  .22016945  .649086243  .750540454  2.12920098  .155184371
  8.700101  .222131221  .646249639  .746051548  2.11940654  .157597581
  8.750101  .224088288  .643365688  .741517782  2.10951698  .160037136
  8.800101  .226040305  .640436209  .736941217  2.09953561  .162500528
  8.850101  .227986932  .637463185  .732324075  2.08946604  .16498511
  8.900101  .229927839  .634448757  .727668737  2.07931219  .167488098
  8.950101  .231862704  .631395215  .722977728  2.06907823  .170006591
  9.000101  .233791213  .628304977  .718253702  2.05876859  .172537587
  9.050101  .235713064  .625180569  .713499413  2.04838791  .175078016
  9.100101  .237627963  .622024607  .708717703  2.03794099  .177624757
  9.150101  .23953563  .61883977  .703911476  2.02743278  .180174672
  9.200101  .241435794  .615628784  .699083676  2.01686833  .182724613
  9.250101  .2433282  .612394378  .694237247  2.00625273  .185271493
  9.300101  .2452126  .609139267  .689375115  1.99559106  .18781228
  9.350101  .247088762  .605866126  .684500159  1.98488838  .190344044
  9.400101  .248956466  .602577534  .679615161  1.97414958  .192864005
  9.450101  .2508155  .599275966  .67472279  1.96337943  .195369549
  9.500101  .25266567  .595963737  .669825556  1.95258245  .197858285
  9.550101  .254506786  .592642974  .66492577  1.94176286  .20032807
  9.600101  .256338672  .589315573  .660025513  1.93092453  .202777061
  9.650101  .258161159  .585983163  .655126591  1.92007088  .205203741
  9.700101  .259974089  .582647058  .650230493  1.90920485  .20760698
  9.750101  .261777304  .57930822  .645338355  1.89832878  .209986055
  9.800101  .263570657  .575967218  .640450912  1.88744439  .212340709
  9.850101  .265353999  .572624188  .635568467  1.87655269  .214671177
  9.900101  .267127183  .569278771  .630690827  1.86565385  .216978245
  9.950101  .268890059  .5659301  .625817288  1.85474724  .219263271
  10.000101  .270642471  .562576739  .620946579  1.84383126  .221528234
  10.050101  .272384259  .559216645  .616076824  1.83290331  .223775769
  10.100101  .274115246  .55584712  .611205493  1.82195971  .226009214
  10.150101  .275835245  .552464799  .606329391  1.81099567  .228232617
  10.200101  .277544048  .549065573  .601444586  1.80000515  .230450804
  10.250101  .279241424  .545644597  .596546418  1.7889809  .232669366
  10.300101  .280927118  .542196221  .591629425  1.7779143  .234894725
  10.350101  .282600841  .538713989  .586687353  1.76679541  .237134117
  10.400101  .284262268  .535190597  .581713111  1.75561285  .239395637
  10.450101  .285911037  .531617892  .576698768  1.74435386  .241688228
  10.500101  .287546735  .527986842  .571635532  1.73300416  .244021692
  10.550101  .2891689  .524287553  .566513766  1.72154806  .246406661
  10.600101  .290777016  .520509246  .561322967  1.7099684  .248854632
  10.650101  .292370501  .516640295  .556051804  1.69824656  .251377882
  10.700101  .293948713  .512668245  .550688141  1.6863626  .253989465
  10.750101  .295510932  .508579844  .545219071  1.67429521  .256703137
  10.800101  .297056366  .504361103  .539630976  1.66202186  .259533301
  10.850101  .298584136  .499997361  .533909593  1.64951892  .26249491
  10.900101  .300093286  .495473381  .52804012  1.63676182  .265603367
  10.950101  .30158276  .490773451  .522007307  1.62372519  .268874374
  11.000101  .30305142  .48588151  .515795593  1.61038311  .272323826
  11.050101  .304498027  .480781311  .509389262  1.5967094  .275967598
  11.100101  .305921242  .475456583  .502772617  1.58267784  .279821345
  11.150101  .307319639  .469891247  .495930186  1.56826261  .283900307
  11.200101  .308691688  .464069631  .488846943  1.5534386  .288219034
  11.250101  .310035762  .45797673  .481508568  1.53818186  .292791094
  11.300101  .311350149  .451598472  .47390171  1.52247007  .297628815
  11.350101  .312633051  .444922009  .466014278  1.50628305  .302742965
  11.400101  .31388259  .437936044  .457835768  1.48960323  .308142374
  11.450101  .315096813  .430631146  .449357568  1.47241626  .313833623
  11.500101  .31627372  .423000082  .440573298  1.45471152  .319820713
  11.550101  .317411252  .415038147  .431479125  1.43648267  .326104686
  11.600101  .318507333  .406743487  .422074084  1.41772821  .332683344
  11.650101  .319559863  .398117392  .41236037  1.39845188  .339550913
  11.700101  .320566755  .38916458  .402343604  1.37866322  .346697817
  11.750101  .321525949  .3798934  .392033039  1.35837778  .354110475
  11.800101  .322435427  .37031602  .381441732  1.33761746  .361771125
  11.850101  .323293254  .360448525  .370586634  1.3164106  .369657821
  11.900101  .324097589  .350310934  .359488595  1.294792  .377744442
  11.950101  .324846708  .339927147  .348172306  1.27280273  .386000802
  12.000101  .32553904  .329324786  .336666119  1.25048982  .394392917
  12.050101  .326173177  .318534934  .325001786  1.22790579  .402883339
  12.100101  .326747907  .307591802  .313214107  1.20510799  .411431599
  12.150101  .327262226  .296532276  .301340469  1.18215783  .419994757
  12.200101  .327715355  .285395399  .289420322  1.1591198  .428528027
  12.250101  .328106762  .274221778  .277494574  1.1360605  .436985502
  12.300101  .328273093  .200409549  .203025323  1.02047782  .517210281
  12.350101  .328119645  .178397986  .180488702  .981803313  .536809331
  12.400101  .327855472  .160918225  .162536718  .949862338  .550944218
  12.450101  .327484825  .140776551  .141974194  .914429877  .567937604
  12.500101  .326985424  .117235057  .118072515  .874683163  .588585755
  12.550101  .326340867  .0917704189  .0923154481  .832927656  .611144648
  12.600101  .325541205  .065272775  .0655976871  .79061408  .634565574
  12.650101  .32458795  .0408654153  .0410421925  .751907226  .655252183
  12.700101  .323507715  .0226330643  .0227222609  .721636511  .668564424
  12.750101  .322344407  .011500116  .0115429232  .700371554  .673555586
  12.800101  .321137724  .00557385326  .00559376827  .685474353  .672518031
  12.850101  .319913423  .00264610094  .00265512214  .674209768  .668069313
  12.900101  .31868435  .000732488395  .00073686718  .664235761  .662533366
  12.950101  .317457864  .000499350793  .000502067965  .656318132  .655158341
  13.000101  .316239502  .000316612584  .000318242617  .648573963  .647838886
  13.050101  .315029533  .000203302473  .000204249263  .64102357  .640551824
  13.100101  .313828209  .000127692752  .000128206323  .633628652  .633332551
  13.150101  .312635602  7.23700221E-05  7.26254883E-05  .626367236  .626199508
  13.200101  .311451735  3.6578949E-05  3.66970816E-05  .61923656  .61915181
  13.250101  .310276624  1.71237756E-05  1.71756866E-05  .612231078  .612191412
  13.300101  .309110259  7.71988637E-06  7.74166944E-06  .60534168  .605323801
  13.350101  .307952585  3.43282541E-06  3.44125392E-06  .59856078  .598552833
  13.400101  .306803534  1.52398925E-06  1.52654592E-06  .591883361  .591879835
