  .000101  2.92681477E-05  1.17198152  2.39743094  993903.632  993898.306
  .050101  1.93549052E-05  1.1719746  2.39733155  6.28398428  .00815132992
  .100101  7.70552437E-05  1.17190386  2.3972098  6.27768862  .00105538008
  .150101  .000173202083  1.17178603  2.39700706  6.27666033  .000380298655
  .200101  .000307768846  1.17162113  2.39672328  6.2759254  .000265588826
  .250101  .00048073598  1.17140919  2.39635842  6.27511847  .000280822175
  .300101  .000692081154  1.17115028  2.39591244  6.27417336  .000348185021
  .350101  .000941777846  1.17084442  2.39538528  6.27307189  .000446521084
  .400101  .00122979501  1.17049169  2.3947769  6.27180769  .000568546265
  .450101  .0015560969  1.17009215  2.39408722  6.27037795  .000711290822
  .500101  .0019206431  1.1696459  2.39331617  6.2687813  .000873497872
  .550101  .00232338842  1.16915302  2.39246366  6.26701692  .00105456905
  .600101  .0027642829  1.1686136  2.39152961  6.26508422  .00125426307
  .650101  .00324327185  1.16802775  2.3905139  6.26298275  .00147252249
  .700101  .00376029575  1.16739561  2.38941644  6.26071211  .0017093792
  .750101  .00431529031  1.16671729  2.3882371  6.2582719  .00196493393
  .800101  .00490818639  1.16599293  2.38697575  6.25566172  .00223930685
  .850101  .0055389101  1.16522266  2.38563227  6.25288119  .00253269784
  .900101  .00620738268  1.16440666  2.3842065  6.24992991  .00284528368
  .950101  .00691352052  1.16354507  2.38269829  6.24680744  .0031772886
  1.000101  .00765723519  1.16263807  2.38110748  6.24351334  .00352895597
  1.050101  .00843843333  1.16168583  2.37943391  6.24004716  .00390051014
  1.100101  .00925701676  1.16068856  2.3776774  6.2364084  .00429223943
  1.150101  .0101128824  1.15964643  2.37583775  6.23259657  .00470441123
  1.200101  .0110059222  1.15855966  2.37391479  6.22861114  .00513732953
  1.250101  .0119360232  1.15742846  2.3719083  6.22445157  .00559129523
  1.300101  .0129030676  1.15625304  2.36981808  6.22011729  .00606662677
  1.350101  .0139069325  1.15503363  2.36764391  6.21560772  .00656365992
  1.400101  .01494749  1.15377046  2.36538557  6.21092225  .00708274392
  1.450101  .0160246075  1.15246379  2.36304281  6.20606025  .00762423491
  1.500101  .017138147  1.15111385  2.36061542  6.20102107  .00818850179
  1.550101  .0182879656  1.1497209  2.35810312  6.19580405  .00877592936
  1.600101  .0194739157  1.14828521  2.35550569  6.19040851  .0093869201
  1.650101  .0206958438  1.14680703  2.35282284  6.18483371  .0100218637
  1.700101  .0219535922  1.14528665  2.35005431  6.17907894  .0106811841
  1.750101  .0232469975  1.14372435  2.34719982  6.17314345  .0113653171
  1.800101  .0245758914  1.14212039  2.34425909  6.16702649  .0120746948
  1.850101  .0259401005  1.14047509  2.34123183  6.16072726  .0128097906
  1.900101  .027339446  1.13878874  2.33811775  6.15424497  .0135710549
  1.950101  .028773744  1.13706163  2.33491654  6.14757877  .0143589545
  2.000101  .0302428055  1.13529407  2.33162788  6.14072786  .0151739938
  2.050101  .031746436  1.13348636  2.32825147  6.13369135  .0160166639
  2.100101  .0332844357  1.13163882  2.32478698  6.12646837  .016887457
  2.150101  .0348566  1.12975177  2.32123408  6.11905804  .0177869116
  2.200101  .0364627183  1.12782552  2.31759243  6.11145945  .0187155516
  2.250101  .038102575  1.12586038  2.3138617  6.10367166  .0196739048
  2.300101  .039775949  1.12385669  2.31004154  6.09569373  .0206625238
  2.350101  .0414826139  1.12181477  2.30613159  6.08752472  .0216819737
  2.400101  .0432223378  1.11973495  2.3021315  6.07916364  .0227328213
  2.450101  .0449948834  1.11761755  2.29804091  6.07060951  .0238156405
  2.500101  .0468000077  1.11546289  2.29385944  6.06186133  .0249310172
  2.550101  .0486374623  1.11327132  2.28958672  6.05291807  .0260795464
  2.600101  .0505069932  1.11104314  2.28522237  6.04377871  .0272618365
  2.650101  .052408341  1.10877869  2.28076601  6.03444219  .0284784976
  2.700101  .0543412405  1.10647829  2.27621726  6.02490746  .0297301534
  2.750101  .0563054208  1.10414225  2.27157571  6.01517345  .0310174355
  2.800101  .0583006054  1.10177092  2.26684097  6.00523907  .0323409766
  2.850101  .0603265124  1.09936459  2.26201265  5.99510323  .0337014287
  2.900101  .0623828534  1.09692357  2.25709033  5.98476482  .0350994341
  2.950101  .0644693352  1.09444818  2.2520736  5.97422271  .0365356696
  3.000101  .0665856578  1.09193872  2.24696207  5.96347579  .038010784
  3.050101  .0687315163  1.0893955  2.2417553  5.95252291  .0395254675
  3.100101  .0709065991  1.08681879  2.23645288  5.94136291  .0410803868
  3.150101  .0731105895  1.08420888  2.2310544  5.92999466  .0426762377
  3.200101  .0753431641  1.08156605  2.22555942  5.91841696  .0443137082
  3.250101  .077603994  1.07889058  2.21996753  5.90662866  .0459934912
  3.300101  .0798927444  1.07618273  2.21427829  5.89462858  .0477162938
  3.350101  .082209074  1.07344274  2.20849128  5.88241552  .04948282
  3.400101  .0845526357  1.07067087  2.20260606  5.86998829  .0512937797
  3.450101  .086923077  1.06786734  2.19662221  5.85734572  .0531498977
  3.500101  .0893200369  1.06503239  2.19053929  5.84448655  .0550518482
  3.550101  .0917431519  1.06216622  2.18435688  5.83140964  .0570004035
  3.600101  .0941920492  1.05926903  2.17807454  5.81811376  .0589962536
  3.650101  .0966663512  1.05634102  2.17169185  5.8045977  .0610401248
  3.700101  .0991656742  1.05338235  2.16520837  5.79086028  .0631327504
  3.750101  .101689627  1.05039321  2.15862369  5.77690028  .0652748224
  3.800101  .104237813  1.04737372  2.15193738  5.76271651  .0674670911
  3.850101  .10680983  1.04432404  2.14514902  5.74830777  .069710254
  3.900101  .109405268  1.04124429  2.13825821  5.73367291  .0720050384
  3.950101  .112023711  1.03813458  2.13126453  5.71881071  .0743521437
  4.000101  .114664737  1.03499499  2.12416758  5.70372003  .0767522758
  4.050101  .117327918  1.03182562  2.11696699  5.68839972  .0792061298
  4.100101  .120012818  1.02862653  2.10966234  5.67284865  .0817144064
  4.150101  .122718996  1.02539778  2.10225329  5.6570657  .0842777921
  4.200101  .125446004  1.0221394  2.09473946  5.64104976  .0868969278
  4.250101  .128193388  1.01885142  2.08712051  5.62479978  .0895725019
  4.300101  .130960687  1.01553387  2.07939609  5.60831472  .0923051507
  4.350101  .133747432  1.01218673  2.0715659  5.59159354  .0950954826
  4.400101  .136553152  1.00880999  2.06362964  5.57463528  .0979441348
  4.450101  .139377364  1.00540365  2.05558702  5.557439  .100851676
  4.500101  .142219584  1.00196767  2.04743779  5.5400038  .103818679
  4.550101  .145079316  .998502005  2.03918171  5.52232883  .106845694
  4.600101  .147956063  .995006613  2.03081858  5.50441328  .109933231
  4.650101  .150849317  .991481446  2.02234823  5.48625642  .113081764
  4.700101  .153758567  .987926447  2.0137705  5.46785756  .116291756
  4.750101  .156683295  .984341558  2.0050853  5.44921611  .119563622
  4.800101  .159622976  .980726725  1.99629256  5.43033152  .122897734
  4.850101  .162577078  .9770819  1.98739224  5.41120334  .126294417
  4.900101  .165545066  .973407032  1.97838437  5.39183121  .129753957
  4.950101  .168526397  .969702084  1.96926902  5.37221486  .133276596
  5.000101  .171520522  .96596703  1.96004631  5.35235413  .136862496
  5.050101  .174526888  .962201862  1.95071642  5.33224898  .140511787
  5.100101  .177544935  .958406589  1.9412796  5.31189948  .144224522
  5.150101  .180574099  .954581246  1.93173616  5.29130583  .148000677
  5.200101  .183613808  .950725897  1.92208649  5.27046838  .151840157
  5.250101  .186663488  .946840634  1.91233104  5.24938764  .155742802
  5.300101  .189722561  .942925588  1.90247037  5.22806427  .159708358
  5.350101  .192790441  .938980942  1.89250511  5.20649909  .163736463
  5.400101  .19586654  .935006921  1.882436  5.18469315  .167826684
  5.450101  .198950268  .931003806  1.87226386  5.16264767  .171978478
  5.500101  .202041027  .926971942  1.86198964  5.14036406  .176191178
  5.550101  .20513822  .922911742  1.8516144  5.11784399  .180464017
  5.600101  .208241243  .918823692  1.8411393  5.09508935  .184796097
  5.650101  .211349495  .914708365  1.83056566  5.07210229  .189186402
  5.700101  .21446237  .910566429  1.81989493  5.04888523  .193633763
  5.750101  .217579258  .906398636  1.80912868  5.02544083  .198136879
  5.800101  .220699554  .90220586  1.79826865  5.00177209  .202694297
  5.850101  .223822649  .897989085  1.78731674  4.9778823  .207304404
  5.900101  .226947934  .893749416  1.776275  4.95377508  .211965432
  5.950101  .230074802  .889488092  1.76514568  4.92945437  .216675427
  6.000101  .233202649  .885206502  1.75393118  4.90492448  .221432259
  6.050101  .23633087  .880906174  1.74263412  4.8801901  .226233626
  6.100101  .239458867  .876588807  1.73125729  4.85525628  .231077021
  6.150101  .242586043  .872256264  1.7198037  4.83012848  .235959748
  6.200101  .245711806  .867910592  1.70827657  4.80481257  .240878889
  6.250101  .248835572  .863554022  1.69667934  4.77931485  .245831336
  6.300101  .251956762  .859188993  1.68501567  4.75364207  .250813742
  6.350101  .255074805  .854818142  1.67328946  4.72780141  .255822553
  6.400101  .258189138  .850444331  1.66150484  4.70180055  .260853979
  6.450101  .261299209  .846070652  1.64966622  4.67564765  .265904
  6.500101  .264404476  .841700424  1.63777821  4.64935132  .270968355
  6.550101  .267504411  .837337223  1.62584573  4.62292072  .276042546
  6.600101  .270598497  .832984873  1.61387392  4.59636552  .281121817
  6.650101  .273686234  .828647465  1.60186823  4.56969588  .286201182
  6.700101  .276767135  .824329367  1.58983436  4.54292254  .291275379
  6.750101  .279840735  .820035222  1.5777783  4.51605677  .296338918
  6.800101  .282906582  .815769966  1.5657063  4.48911036  .301386032
  6.850101  .28596425  .811538835  1.55362494  4.46209571  .306410706
  6.900101  .289013331  .807347369  1.54154106  4.43502574  .311406665
  6.950101  .292053442  .803201423  1.52946178  4.40791397  .316367373
  7.000101  .295084224  .799107176  1.51739457  4.38077448  .32128603
  7.050101  .298105346  .795071135  1.50534714  4.35362193  .326155587
  7.100101  .301116505  .791100148  1.49332754  4.32647158  .330968722
  7.150101  .304117427  .78720141  1.48134413  4.29933927  .335717858
  7.200101  .30710787  .783382473  1.46940555  4.27224145  .340395148
  7.250101  .310087626  .779651248  1.45752077  4.24519514  .344992493
  7.300101  .313056523  .776016033  1.44569909  4.21821802  .349501523
  7.350101  .316011119  .770984089  1.43250272  4.18888726  .355619627
  7.400101  .318953633  .768215125  1.42147165  4.16314335  .35914215
  7.450101  .321887585  .76565123  1.41060853  4.13766461  .362476755
  7.500101  .324813179  .763252285  1.399875  4.11238974  .365673069
  7.550101  .327730471  .76097762  1.38923239  4.08725608  .368780031
  7.600101  .330639382  .758789149  1.37864476  4.0622048  .371842339
  7.650101  .333539698  .756654036  1.36808145  4.03718526  .374897506
  7.700101  .336431102  .754546706  1.35751904  4.01215839  .377973763
  7.750101  .339313201  .752450143  1.34694253  3.98709888  .381088821
  7.800101  .342185556  .750356464  1.3363459  3.96199618  .384249486
  7.850101  .345047722  .748266764  1.32573186  3.9368543  .387452115
  7.900101  .347899277  .746190315  1.31511109  3.91169059  .390683794
  7.950101  .350739855  .744143205  1.30450078  3.88653354  .39392415
  8.000101  .353569172  .742146547  1.29392293  3.86141989  .397147563
  8.050101  .356387038  .740224427  1.28340231  3.83639129  .400325666
  8.100101  .35919337  .738401685  1.27296424  3.81149068  .403429938
  8.150101  .361988188  .736701727  1.2626325  3.78675877  .40643421
  8.200101  .364771611  .735144481  1.25242733  3.76223064  .409316949
  8.250101  .367543833  .733744567  1.24236368  3.73793274  .412063207
  8.300101  .37030511  .732509852  1.23244983  3.7138806  .414666165
  8.350101  .373055718  .731440388  1.22268638  3.69007699  .417128062
  8.400101  .375795923  .73052778  1.2130657  3.66651093  .419460739
  8.450101  .378525948  .729755068  1.20357185  3.64315749  .421685518
  8.500101  .38124594  .729097053  1.19418098  3.61997831  .423832594
  8.550101  .383955921  .728521103  1.18486214  3.5969229  .425939853
  8.600101  .386655772  .727988392  1.17557854  3.57393066  .428051292
  8.650101  .389345208  .727455503  1.16628917  3.55093359  .430215048
  8.700101  .392023748  .72687636  1.15695072  3.52785931  .432480999
  8.750101  .39469072  .726204372  1.1475197  3.50463469  .434898346
  8.800101  .397345253  .725394695  1.13795466  3.4811895  .437512982
  8.850101  .399986299  .724406464  1.12821837  3.45746009  .44036507
  8.900101  .40261263  .72320492  1.11827987  3.43339282  .44348665
  8.950101  .405222904  .721763213  1.10811625  3.40894709  .446899919
  9.000101  .407815672  .720063858  1.09771397  3.38409762  .450615684
  9.050101  .410389432  .718099649  1.08706975  3.35883599  .454632655
  9.100101  .412942683  .715874017  1.07619082  3.33317119  .45893734
  9.150101  .415473962  .713400754  1.06509457  3.3071291  .463504641
  9.200101  .417981904  .710703148  1.05380767  3.28075115  .468299182
  9.250101  .420465267  .707812555  1.04236454  3.25409186  .47327715
  9.300101  .42292298  .70476647  1.03080543  3.22721572  .478388752
  9.350101  .425354161  .701606261  1.01917411  3.20019349  .483580953
  9.400101  .427758133  .698374659  1.00751541  3.17309809  .488800435
  9.450101  .430134423  .695113161  .995872598  3.14600038  .49399658
  9.500101  .43248276  .691859499  .984284918  3.11896508  .499124318
  9.550101  .43480304  .688645269  .972785276  3.09204695  .504146681
  9.600101  .437095305  .685493868  .961398237  3.0652875  .509036996
  9.650101  .439359693  .682418837  .950138455  3.03871231  .513780513
  9.700101  .441596397  .679422616  .939009513  3.01232919  .51837556
  9.750101  .443805595  .676495897  .928003363  2.98612707  .522833906
  9.800101  .445987404  .67361749  .917100277  2.96007595  .527180633
  9.850101  .448141819  .670754806  .906269414  2.93412771  .531453242
  9.900101  .450268659  .667864963  .895469998  2.90821798  .535700056
  9.950101  .45236752  .664896488  .884653068  2.8822689  .539978029
  10.000101  .454437727  .661791589  .873763805  2.85619287  .544349884
  10.050101  .456478326  .658488948  .862744326  2.82989704  .548880838
  10.100101  .458488056  .654926937  .851536906  2.80328852  .553634801
  10.150101  .460465358  .651047071  .840087395  2.77627987  .558670463
  10.200101  .462408408  .646797552  .828348705  2.74879478  .564037405
  10.250101  .464315146  .642136656  .816284111  2.72077344  .569772407
  10.300101  .466183337  .637035698  .803870106  2.69217711  .575896385
  10.350101  .468010652  .631481332  .791098578  2.66299176  .582412181
  10.400101  .469794736  .625476957  .777978079  2.63323004  .589303355
  10.450101  .471533316  .619043014  .764533965  2.60293165  .596534399
  10.500101  .473224266  .612216124  .750807415  2.57216167  .604052117
  10.550101  .474865702  .605047009  .736853212  2.5410071  .611788505
  10.600101  .476456047  .597597302  .722736466  2.5095716  .619664749
  10.650101  .47799408  .58993541  .708528405  2.47796881  .627596243
  10.700101  .479478956  .582131657  .694301496  2.44631455  .635498273
  10.750101  .48091021  .574252963  .680124144  2.41471845  .643292125
  10.800101  .48228772  .566357315  .666055228  2.38327536  .650911249
  10.850101  .483611649  .55848826  .652138705  2.35205686  .658307281
  10.900101  .48488235  .55066964  .638398501  2.32110332  .665455618
  10.950101  .486100256  .542900683  .624833806  2.2904166  .672360466
  11.000101  .487265717  .535151639  .611414939  2.25995371  .679059098
  11.050101  .488378847  .52736014  .598079976  2.2296217  .685625271
  11.100101  .489439316  .519428514  .584732353  2.19927411  .692171349
  11.150101  .490446171  .51122241  .571239796  2.16870954  .698849036
  11.200101  .491397614  .502571274  .557435093  2.13767323  .705847837
  11.250101  .492290801  .493271387  .543119426  2.10586259  .713390698
  11.300101  .49312168  .483092244  .528068971  2.07293815  .721725968
  11.350101  .493884854  .471787203  .512045723  2.03854098  .731114638
  11.400101  .494573532  .459108992  .494813023  2.00231774  .741812368
  11.450101  .495179559  .444830219  .476155953  1.96395303  .754046203
  11.500101  .495693622  .42876805  .455905675  1.92320782  .767987178
  11.550101  .496105542  .410810929  .433965585  1.87995984  .783721108
  11.600101  .496404776  .390943794  .410335738  1.83424045  .801221908
  11.650101  .496581028  .369267165  .385130947  1.78626013  .820332466
  11.700101  .496624941  .346005287  .358587836  1.73641536  .840758435
  11.750101  .496528815  .321499709  .33105735  1.68527159  .862078774
  11.800101  .496287233  .296187231  .302981797  1.6335219  .883773845
  11.850101  .495897538  .270564632  .274858962  1.58192647  .905267895
  11.900101  .495015341  .169061125  .171617277  1.4268719  1.01233523
  11.950101  .493834619  .123668402  .124952393  1.35210325  1.05344008
  12.000101  .492355124  .0674522088  .0679223667  1.26595496  1.10589877
  12.050101  .490566759  .021685373  .0218026367  1.19585327  1.1451335
  12.100101  .488608487  .00479426154  .00481765169  1.16162535  1.15047547
  12.150101  .486611392  .000638380531  .000643503685  1.14260483  1.14111683
  12.200101  .484619694  .000251822834  .000253532197  1.12817809  1.12759201
  12.250101  .482642651  8.75902708E-05  8.80304456E-05  1.11423458  1.11403114
  12.300101  .480680991  1.87282004E-05  1.88065491E-05  1.10062352  1.10058006
  12.350101  .478734983  3.15562867E-06  3.16599462E-06  1.08729209  1.08728478
