 1  1.  110.930079  108.861433  25.708701  .116293716  1.E-09
 2  2.  137.923237  135.066289  15.258201  .208454106  1.E-09
 3  3.  155.305403  151.786125  13.775001  .293577007  1.E-09
 4  4.  168.001795  163.883045  13.297701  .374258805  1.E-09
 5  5.  178.681804  173.988603  13.125401  .451324161  1.E-09
 6  6.  188.614986  183.351963  13.075401  .52417467  1.E-09
 7  7.  198.262726  192.425553  13.078001  .592140549  1.E-09
 8  8.  207.671252  201.253591  13.101901  .65499161  1.E-09
 9  9.  216.718799  209.71601  13.132801  .712960738  1.E-09
 10  10.  225.258724  217.669345  13.164501  .766580586  1.E-09
 11  11.  233.191161  225.016961  13.194501  .816503567  1.E-09
 12  12.  240.488093  231.733308  13.222201  .863369854  1.E-09
 13  13.  247.190384  237.860586  13.247701  .907731124  1.E-09
 14  14.  253.390141  243.491066  13.271201  .950017784  1.E-09
 15  15.  259.207654  248.744191  13.293101  .99053511  1.E-09
 16  16.  264.768925  253.744383  13.313601  1.02947705  1.E-09
 17  17.  270.187272  258.60298  13.332801  1.06694968  1.E-09
 18  18.  275.550699  263.405929  13.350701  1.1029986  1.E-09
 19  19.  280.915349  268.207522  13.367101  1.13763578  1.E-09
 20  20.  286.304509  273.02962  13.382101  1.17086264  1.E-09
 21  21.  291.712089  277.865275  13.395601  1.20268731  1.E-09
 22  22.  297.109233  282.685404  13.407501  1.23313528  1.E-09
 23  23.  302.452692  287.447141  13.417901  1.26225379  1.E-09
 24  24.  307.693643  292.102587  13.426701  1.29011124  1.E-09
 25  25.  312.785898  296.606879  13.434201  1.31679304  1.E-09
 26  26.  317.692657  300.924777  13.440301  1.34239553  1.E-09
 27  27.  322.391269  305.035246  13.445201  1.36701927  1.E-09
 28  28.  326.875754  308.933777  13.449101  1.39076256  1.E-09
 29  29.  331.157076  312.6325  13.452001  1.41371601  1.E-09
 30  30.  335.26141  316.158293  13.454201  1.43595837  1.E-09
 31  31.  339.226788  319.549324  13.455701  1.45755383  1.E-09
 32  32.  343.098653  322.850539  13.456601  1.47855081  1.E-09
 33  33.  346.924883  326.10867  13.457001  1.4989823  1.E-09
 34  34.  350.750871  329.36735  13.456901  1.51886736  1.E-09
 35  35.  354.615199  332.662864  13.456301  1.53821367  1.E-09
 36  36.  358.546326  336.020964  13.455401  1.55702072  1.E-09
 37  37.  362.560633  339.455056  13.454001  1.57528338  1.E-09
 38  38.  366.661971  342.965928  13.452201  1.59299524  1.E-09
 39  39.  370.842731  346.542997  13.449901  1.61015153  1.E-09
 40  40.  375.086291  350.166928  13.447301  1.62675127  1.E-09
 41  41.  379.37053  353.813308  13.444201  1.64279856  1.E-09
 42  42.  383.67201  357.456944  13.440701  1.65830287  1.E-09
 43  43.  387.970314  361.076295  13.436801  1.67327853  1.E-09
 44  44.  392.252001  364.657449  13.432501  1.6877435  1.E-09
 45  45.  396.513644  368.197154  13.427801  1.70171774  1.E-09
 46  46.  400.763486  371.70439  13.422701  1.71522131  1.E-09
 47  47.  405.021361  375.200174  13.417201  1.7282726  1.E-09
 48  48.  409.316702  378.715401  13.411401  1.74088686  1.E-09
 49  49.  413.684689  382.286801  13.405301  1.75307519  1.E-09
 50  50.  418.160816  385.951308  13.398901  1.76484428  1.E-09
 51  51.  423.484006  390.444095  13.392201  1.77617241  1.E-09
 52  52.  428.301207  394.39987  13.385101  1.78702837  1.E-09
 53  53.  433.146876  398.370966  13.377801  1.79745875  1.E-09
 54  54.  438.014313  402.35202  13.370101  1.80747722  1.E-09
 55  55.  442.897388  406.338139  13.362101  1.8170985  1.E-09
 56  56.  447.790504  410.324871  13.353901  1.82633738  1.E-09
 57  57.  452.688565  414.308177  13.345401  1.83520865  1.E-09
 58  58.  457.586945  418.284405  13.336601  1.84372702  1.E-09
 59  59.  462.481454  422.250265  13.327601  1.85190699  1.E-09
 60  60.  467.368314  426.2028  13.318401  1.8597628  1.E-09
 61  61.  472.244128  430.139372  13.308901  1.86730832  1.E-09
 62  62.  477.105854  434.057633  13.299201  1.87455704  1.E-09
 63  63.  481.950785  437.955504  13.289401  1.88152204  1.E-09
 64  64.  486.776518  441.831163  13.279401  1.88821592  1.E-09
 65  65.  491.580938  445.683019  13.269101  1.89465082  1.E-09
 66  66.  496.362197  449.509697  13.258801  1.90083842  1.E-09
 67  67.  501.118689  453.310024  13.248301  1.90678989  1.E-09
 68  68.  505.849037  457.083009  13.237601  1.91251593  1.E-09
 69  69.  510.552072  460.827832  13.226801  1.91802678  1.E-09
 70  70.  515.226818  464.543828  13.215901  1.9233322  1.E-09
 71  71.  519.872474  468.230476  13.204901  1.9284415  1.E-09
 72  72.  524.488404  471.887384  13.193801  1.93336355  1.E-09
 73  73.  529.074118  475.514279  13.182601  1.9381068  1.E-09
 74  74.  533.62926  479.110996  13.171401  1.94267927  1.E-09
 75  75.  538.153598  482.67747  13.160001  1.9470886  1.E-09
 76  76.  542.647012  486.213721  13.148601  1.95134206  1.E-09
 77  77.  547.10948  489.719851  13.137101  1.95544653  1.E-09
 78  78.  551.541072  493.196033  13.125601  1.95940856  1.E-09
 79  79.  555.941937  496.642501  13.114001  1.96323436  1.E-09
 80  80.  560.312299  500.059548  13.102301  1.96692984  1.E-09
 81  81.  564.652444  503.447514  13.090601  1.97050059  1.E-09
 82  82.  568.962712  506.806784  13.078901  1.97395194  1.E-09
 83  83.  573.243497  510.137779  13.067201  1.97728892  1.E-09
 84  84.  577.49523  513.440951  13.055401  1.98051632  1.E-09
 85  85.  581.718383  516.716782  13.043601  1.98363869  1.E-09
 86  86.  585.913455  519.965774  13.031801  1.98666033  1.E-09
 87  87.  590.080974  523.188446  13.020001  1.98958533  1.E-09
 88  88.  594.221486  526.385332  13.008201  1.99241759  1.E-09
 89  89.  598.335554  529.556979  12.996401  1.9951608  1.E-09
 90  90.  602.423754  532.703937  12.984501  1.99781845  1.E-09
 91  91.  606.486671  535.826763  12.972701  2.00039389  1.E-09
 92  92.  610.524893  538.926016  12.960901  2.00289026  1.E-09
 93  93.  614.539013  542.002252  12.949101  2.00531057  1.E-09
 94  94.  618.529621  545.056026  12.937301  2.0076577  1.E-09
 95  95.  622.497307  548.087887  12.925501  2.00993434  1.E-09
 96  96.  626.442653  551.098378  12.913701  2.0121431  1.E-09
 97  97.  630.366235  554.088032  12.901901  2.01428643  1.E-09
 98  98.  634.26862  557.057375  12.890101  2.01636667  1.E-09
 99  99.  638.150365  560.006921  12.878401  2.01838606  1.E-09
 100  100.  642.012015  562.937171  12.866701  2.02034671  1.E-09
 101  101.  645.854101  565.848614  12.855001  2.02225066  1.E-09
 102  102.  649.677143  568.741727  12.843301  2.02409985  1.E-09
 103  103.  653.481643  571.616971  12.831701  2.0258961  1.E-09
 104  104.  657.268089  574.474794  12.820101  2.02764119  1.E-09
 105  105.  661.036954  577.315628  12.808501  2.02933679  1.E-09
 106  106.  664.788694  580.13989  12.797001  2.0309845  1.E-09
 107  107.  668.523748  582.947983  12.785401  2.03258586  1.E-09
 108  108.  672.242538  585.740292  12.773901  2.03414234  1.E-09
 109  109.  675.94547  588.517189  12.762501  2.03565533  1.E-09
 110  110.  679.632932  591.279031  12.751101  2.03712619  1.E-09
 111  111.  683.305298  594.026156  12.739701  2.03855619  1.E-09
 112  112.  686.962922  596.758892  12.728301  2.03994657  1.E-09
 113  113.  690.606143  599.47755  12.717001  2.04129851  1.E-09
 114  114.  694.235284  602.182424  12.705701  2.04261314  1.E-09
 115  115.  697.850652  604.873799  12.694501  2.04389155  1.E-09
 116  116.  701.452539  607.551942  12.683301  2.04513478  1.E-09
 117  117.  705.041222  610.21711  12.672101  2.04634383  1.E-09
 118  118.  708.616962  612.869543  12.661001  2.04751967  1.E-09
 119  119.  712.180009  615.509473  12.649901  2.04866323  1.E-09
 120  120.  715.730595  618.137116  12.638901  2.04977539  1.E-09
 121  121.  719.268944  620.752681  12.627801  2.05085701  1.E-09
 122  122.  722.795264  623.35636  12.616901  2.05190893  1.E-09
 123  123.  726.309752  625.948341  12.606001  2.05293193  1.E-09
 124  124.  729.812595  628.528798  12.595101  2.05392678  1.E-09
 125  125.  733.303967  631.097895  12.584201  2.05489423  1.E-09
 126  126.  736.784034  633.655791  12.573401  2.05583498  1.E-09
 127  127.  740.252951  636.202632  12.562701  2.05674973  1.E-09
 128  128.  743.710864  638.738559  12.552001  2.05763915  1.E-09
 129  129.  747.157912  641.263706  12.541301  2.05850387  1.E-09
 130  130.  750.594224  643.778196  12.530601  2.05934452  1.E-09
 131  131.  754.019924  646.282152  12.520101  2.06016171  1.E-09
 132  132.  757.435127  648.775684  12.509501  2.06095601  1.E-09
 133  133.  760.839944  651.258903  12.499001  2.06172798  1.E-09
 134  134.  764.234478  653.731911  12.488501  2.06247818  1.E-09
 135  135.  767.618828  656.194805  12.478101  2.06320713  1.E-09
 136  136.  770.993089  658.647681  12.467701  2.06391535  1.E-09
 137  137.  774.357351  661.09063  12.457401  2.06460332  1.E-09
 138  138.  777.711699  663.523737  12.447101  2.06527154  1.E-09
 139  139.  781.056217  665.947088  12.436801  2.06592047  1.E-09
 140  140.  784.390984  668.360764  12.426601  2.06655056  1.E-09
 141  141.  787.716078  670.764844  12.416501  2.06716225  1.E-09
 142  142.  791.031574  673.159405  12.406301  2.06775597  1.E-09
 143  143.  794.337545  675.544524  12.396301  2.06833214  1.E-09
 144  144.  797.634062  677.920274  12.386201  2.06889115  1.E-09
 145  145.  800.921198  680.286729  12.376201  2.06943341  1.E-09
 146  146.  804.199021  682.64396  12.366201  2.06995928  1.E-09
 147  147.  807.4676  684.99204  12.356301  2.07046914  1.E-09
 148  148.  810.727004  687.33104  12.346501  2.07096336  1.E-09
 149  149.  813.977302  689.661031  12.336601  2.07144227  1.E-09
 150  150.  817.218563  691.982083  12.326801  2.07190622  1.E-09
 151  151.  820.450855  694.294268  12.317101  2.07235555  1.E-09
 152  152.  823.674248  696.597658  12.307401  2.07279057  1.E-09
 153  153.  826.888812  698.892323  12.297701  2.07321159  1.E-09
 154  154.  830.094617  701.178336  12.288101  2.07361893  1.E-09
 155  155.  833.291735  703.45577  12.278501  2.07401288  1.E-09
 156  156.  836.480239  705.724698  12.268901  2.07439373  1.E-09
 157  157.  839.660202  707.985195  12.259401  2.07476176  1.E-09
 158  158.  842.831698  710.237335  12.249901  2.07511724  1.E-09
 159  159.  845.994803  712.481194  12.240501  2.07546045  1.E-09
 160  160.  849.149595  714.71685  12.231101  2.07579164  1.E-09
 161  161.  852.29615  716.944379  12.221701  2.07611106  1.E-09
 162  162.  855.434549  719.163859  12.212401  2.07641898  1.E-09
 163  163.  858.564872  721.375371  12.203101  2.07671562  1.E-09
 164  164.  861.6872  723.578995  12.193901  2.07700121  1.E-09
 165  165.  864.801616  725.77481  12.184701  2.077276  1.E-09
 166  166.  867.908204  727.9629  12.175501  2.07754021  1.E-09
 167  167.  871.007049  730.143346  12.166401  2.07779404  1.E-09
 168  168.  874.098237  732.316232  12.157301  2.07803771  1.E-09
 169  169.  877.181855  734.481641  12.148301  2.07827143  1.E-09
 170  170.  880.25799  736.639659  12.139301  2.0784954  1.E-09
 171  171.  883.326732  738.790369  12.130301  2.07870982  1.E-09
 172  172.  886.388169  740.933858  12.121401  2.07891488  1.E-09
 173  173.  889.442392  743.070211  12.112501  2.07911076  1.E-09
 174  174.  892.48949  745.199514  12.103601  2.07929765  1.E-09
 175  175.  895.529555  747.321853  12.094801  2.07947572  1.E-09
 176  176.  898.562677  749.437314  12.086001  2.07964515  1.E-09
 177  177.  901.588949  751.545985  12.077201  2.07980611  1.E-09
 178  178.  904.608462  753.64795  12.068501  2.07995877  1.E-09
 179  179.  907.621307  755.743296  12.059801  2.08010327  1.E-09
 180  180.  910.627575  757.832109  12.051201  2.08023979  1.E-09
 181  181.  913.627358  759.914474  12.042501  2.08036846  1.E-09
 182  182.  916.620747  761.990476  12.034001  2.08048946  1.E-09
 183  183.  919.607832  764.060199  12.025401  2.08060291  1.E-09
 184  184.  922.588702  766.123727  12.016901  2.08070896  1.E-09
 185  185.  925.563448  768.181142  12.008401  2.08080775  1.E-09
 186  186.  928.532157  770.232528  12.000001  2.08089942  1.E-09
 187  187.  931.494916  772.277965  11.991601  2.08098409  1.E-09
 188  188.  934.451814  774.317533  11.983201  2.0810619  1.E-09
 189  189.  937.402934  776.351312  11.974901  2.08113298  1.E-09
 190  190.  940.348361  778.379378  11.966601  2.08119744  1.E-09
 191  191.  943.288179  780.40181  11.958301  2.0812554  1.E-09
 192  192.  946.222468  782.418682  11.950001  2.08130699  1.E-09
 193  193.  949.15131  784.430068  11.941801  2.08135232  1.E-09
 194  194.  952.074783  786.43604  11.933701  2.0813915  1.E-09
 195  195.  954.992964  788.436671  11.925501  2.08142464  1.E-09
 196  196.  957.905929  790.432028  11.917401  2.08145185  1.E-09
 197  197.  960.813752  792.422181  11.909301  2.08147323  1.E-09
 198  198.  963.716504  794.407195  11.901301  2.08148888  1.E-09
 199  199.  966.614256  796.387134  11.893301  2.0814989  1.E-09
 200  200.  969.507076  798.362062  11.885301  2.08150339  1.E-09
 201  201.  972.395031  800.332039  11.877301  2.08150245  1.E-09
 202  202.  975.278185  802.297125  11.869401  2.08149617  1.E-09
 203  203.  978.1566  804.257376  11.861501  2.08148464  1.E-09
 204  204.  981.030338  806.212849  11.853601  2.08146795  1.E-09
 205  205.  983.899457  808.163597  11.845801  2.08144618  1.E-09
 206  206.  986.764013  810.109671  11.838001  2.08141943  1.E-09
 207  207.  989.62406  812.051123  11.830201  2.08138777  1.E-09
 208  208.  992.479652  813.987999  11.822501  2.08135128  1.E-09
 209  209.  995.330838  815.920347  11.814801  2.08131006  1.E-09
 210  210.  998.177667  817.84821  11.807101  2.08126416  1.E-09
 211  211.  1001.02019  819.771631  11.799501  2.08121368  1.E-09
 212  212.  1003.85844  821.690652  11.791801  2.08115869  1.E-09
 213  213.  1006.69246  823.60531  11.784201  2.08109925  1.E-09
 214  214.  1009.52231  825.515645  11.776701  2.08103545  1.E-09
 215  215.  1012.34801  827.42169  11.769101  2.08096735  1.E-09
 216  216.  1015.1696  829.323481  11.761601  2.08089502  1.E-09
 217  217.  1017.98711  831.221049  11.754201  2.08081853  1.E-09
 218  218.  1020.80059  833.114426  11.746701  2.08073794  1.E-09
 219  219.  1023.61006  835.003641  11.739301  2.08065333  1.E-09
 220  220.  1026.41555  836.888721  11.731901  2.08056475  1.E-09
 221  221.  1029.21708  838.769692  11.724501  2.08047226  1.E-09
 222  222.  1032.0147  840.646581  11.717201  2.08037594  1.E-09
 223  223.  1034.80841  842.519411  11.709901  2.08027583  1.E-09
 224  224.  1037.59825  844.388203  11.702601  2.080172  1.E-09
 225  225.  1040.38423  846.252981  11.695401  2.0800645  1.E-09
 226  226.  1043.16638  848.113763  11.688101  2.0799534  1.E-09
 227  227.  1045.94472  849.970569  11.680901  2.07983874  1.E-09
 228  228.  1048.71927  851.823418  11.673701  2.07972059  1.E-09
 229  229.  1051.49004  853.672326  11.666601  2.07959899  1.E-09
 230  230.  1054.25705  855.51731  11.659501  2.079474  1.E-09
 231  231.  1057.02033  857.358387  11.652401  2.07934568  1.E-09
 232  232.  1059.77987  859.195571  11.645301  2.07921407  1.E-09
 233  233.  1062.5357  861.028877  11.638301  2.07907921  1.E-09
 234  234.  1065.28784  862.858318  11.631301  2.07894118  1.E-09
 235  235.  1068.03629  864.683909  11.624301  2.0788  1.E-09
 236  236.  1070.78106  866.505663  11.617301  2.07865573  1.E-09
 237  237.  1073.52218  868.323592  11.610401  2.07850841  1.E-09
 238  238.  1076.25965  870.137709  11.603401  2.0783581  1.E-09
 239  239.  1078.99349  871.948028  11.596501  2.07820483  1.E-09
 240  240.  1081.72371  873.754559  11.589701  2.07804866  1.E-09
 241  241.  1084.45031  875.557316  11.582801  2.07788962  1.E-09
 242  242.  1087.17332  877.356311  11.576001  2.07772775  1.E-09
 243  243.  1089.89274  879.151556  11.569201  2.07756311  1.E-09
 244  244.  1092.60858  880.943065  11.562501  2.07739573  1.E-09
 245  245.  1095.32087  882.73085  11.555701  2.07722565  1.E-09
 246  246.  1098.02961  884.514925  11.549001  2.07705292  1.E-09
 247  247.  1100.73481  886.295302  11.542301  2.07687756  1.E-09
 248  248.  1103.43649  888.071997  11.535601  2.07669963  1.E-09
 249  249.  1106.13467  889.845023  11.529001  2.07651917  1.E-09
 250  250.  1108.82935  891.614396  11.522301  2.0763362  1.E-09
 251  251.  1111.52056  893.38013  11.515701  2.07615077  1.E-09
 252  252.  1114.2083  895.142242  11.509201  2.0759629  1.E-09
 253  253.  1116.8926  896.900749  11.502601  2.07577265  1.E-09
 254  254.  1119.57348  898.655667  11.496101  2.07558005  1.E-09
 255  255.  1122.25094  900.407015  11.489601  2.07538512  1.E-09
 256  256.  1124.92502  902.154811  11.483101  2.07518791  1.E-09
 257  257.  1127.59573  903.899075  11.476601  2.07498845  1.E-09
 258  258.  1130.26308  905.639826  11.470201  2.07478677  1.E-09
 259  259.  1132.92711  907.377086  11.463701  2.0745829  1.E-09
 260  260.  1135.58783  909.110876  11.457301  2.07437688  1.E-09
 261  261.  1138.24528  910.841218  11.451001  2.07416874  1.E-09
 262  262.  1140.89946  912.568136  11.444601  2.07395851  1.E-09
 263  263.  1143.55041  914.291653  11.438301  2.07374623  1.E-09
 264  264.  1146.19815  916.011794  11.432001  2.07353191  1.E-09
 265  265.  1148.84271  917.728585  11.425701  2.0733156  1.E-09
 266  266.  1151.48412  919.442051  11.419401  2.07309732  1.E-09
 267  267.  1154.1224  921.15222  11.413101  2.07287711  1.E-09
 268  268.  1156.75759  922.85912  11.406901  2.07265498  1.E-09
 269  269.  1159.38971  924.562778  11.400701  2.07243097  1.E-09
 270  270.  1162.0188  926.263223  11.394501  2.0722051  1.E-09
 271  271.  1164.64488  927.960485  11.388401  2.07197741  1.E-09
 272  272.  1167.268  929.654595  11.382201  2.07174792  1.E-09
 273  273.  1169.88817  931.345583  11.376101  2.07151666  1.E-09
 274  274.  1172.50544  933.03348  11.370001  2.07128365  1.E-09
 275  275.  1175.11984  934.718318  11.363901  2.07104892  1.E-09
 276  276.  1177.73141  936.400129  11.357801  2.0708125  1.E-09
 277  277.  1180.34017  938.078947  11.351801  2.0705744  1.E-09
 278  278.  1182.94617  939.754803  11.345801  2.07033465  1.E-09
 279  279.  1185.54944  941.427732  11.339801  2.07009329  1.E-09
 280  280.  1188.15002  943.097766  11.333801  2.06985032  1.E-09
 281  281.  1190.74794  944.76494  11.327801  2.06960579  1.E-09
 282  282.  1193.34324  946.429287  11.321901  2.0693597  1.E-09
 283  283.  1195.93596  948.09084  11.315901  2.06911207  1.E-09
 284  284.  1198.52613  949.749635  11.310001  2.06886295  1.E-09
 285  285.  1201.11379  951.405705  11.304101  2.06861234  1.E-09
 286  286.  1203.69898  953.059082  11.298301  2.06836026  1.E-09
 287  287.  1206.28173  954.709802  11.292401  2.06810675  1.E-09
 288  288.  1208.86208  956.357897  11.286601  2.06785181  1.E-09
 289  289.  1211.44007  958.003401  11.280801  2.06759547  1.E-09
 290  290.  1214.01573  959.646345  11.275001  2.06733775  1.E-09
 291  291.  1216.58909  961.286762  11.269201  2.06707867  1.E-09
 292  292.  1219.16019  962.924684  11.263401  2.06681825  1.E-09
 293  293.  1221.72907  964.560141  11.257701  2.06655651  1.E-09
 294  294.  1224.29576  966.193165  11.252001  2.06629347  1.E-09
 295  295.  1226.86029  967.823786  11.246301  2.06602914  1.E-09
 296  296.  1229.42269  969.452031  11.240601  2.06576355  1.E-09
 297  297.  1231.98299  971.07793  11.234901  2.06549671  1.E-09
 298  298.  1234.54122  972.701511  11.229201  2.06522865  1.E-09
 299  299.  1237.09742  974.322798  11.223601  2.06495937  1.E-09
 300  300.  1239.65161  975.941819  11.218001  2.06468889  1.E-09
 301  301.  1242.20381  977.558598  11.212401  2.06441724  1.E-09
 302  302.  1244.75406  979.173159  11.206801  2.06414443  1.E-09
 303  303.  1247.30237  980.785523  11.201301  2.06387047  1.E-09
 304  304.  1249.84877  982.395713  11.195701  2.06359539  1.E-09
 305  305.  1252.39328  984.003748  11.190201  2.06331919  1.E-09
 306  306.  1254.93593  985.609647  11.184701  2.0630419  1.E-09
 307  307.  1257.47673  987.213429  11.179201  2.06276353  1.E-09
 308  308.  1260.01569  988.815109  11.173701  2.06248409  1.E-09
 309  309.  1262.55284  990.414704  11.168201  2.0622036  1.E-09
 310  310.  1265.0882  992.012227  11.162801  2.06192207  1.E-09
 311  311.  1267.62176  993.60769  11.157401  2.06163952  1.E-09
 312  312.  1270.15355  995.201106  11.152001  2.06135597  1.E-09
 313  313.  1272.68358  996.792484  11.146601  2.06107142  1.E-09
 314  314.  1275.21185  998.381833  11.141201  2.06078589  1.E-09
 315  315.  1277.73838  999.96916  11.135801  2.0604994  1.E-09
 316  316.  1280.26317  1001.55447  11.130501  2.06021196  1.E-09
 317  317.  1282.78622  1003.13777  11.125101  2.05992357  1.E-09
 318  318.  1285.30754  1004.71907  11.119801  2.05963426  1.E-09
 319  319.  1287.82712  1006.29836  11.114501  2.05934404  1.E-09
 320  320.  1290.34498  1007.87564  11.109201  2.05905292  1.E-09
 321  321.  1292.8611  1009.45093  11.104001  2.05876091  1.E-09
 322  322.  1295.3755  1011.02421  11.098701  2.05846802  1.E-09
 323  323.  1297.88815  1012.59548  11.093501  2.05817428  1.E-09
 324  324.  1300.39907  1014.16475  11.088301  2.05787968  1.E-09
 325  325.  1302.90824  1015.732  11.083101  2.05758424  1.E-09
 326  326.  1305.41566  1017.29723  11.077901  2.05728798  1.E-09
 327  327.  1307.92131  1018.86043  11.072701  2.0569909  1.E-09
 328  328.  1310.4252  1020.42161  11.067601  2.05669301  1.E-09
 329  329.  1312.92731  1021.98074  11.062401  2.05639433  1.E-09
 330  330.  1315.42764  1023.53783  11.057301  2.05609487  1.E-09
 331  331.  1317.92616  1025.09287  11.052201  2.05579464  1.E-09
 332  332.  1320.42287  1026.64584  11.047101  2.05549365  1.E-09
 333  333.  1322.91777  1028.19673  11.042001  2.05519191  1.E-09
 334  334.  1325.41083  1029.74554  11.036901  2.05488943  1.E-09
 335  335.  1327.90204  1031.29226  11.031901  2.05458623  1.E-09
 336  336.  1330.3914  1032.83687  11.026801  2.0542823  1.E-09
 337  337.  1332.87889  1034.37937  11.021801  2.05397767  1.E-09
 338  338.  1335.36449  1035.91975  11.016801  2.05367234  1.E-09
 339  339.  1337.8482  1037.45799  11.011801  2.05336632  1.E-09
 340  340.  1340.33001  1038.99408  11.006801  2.05305963  1.E-09
 341  341.  1342.80989  1040.52803  11.001901  2.05275227  1.E-09
 342  342.  1345.28785  1042.05981  10.996901  2.05244425  1.E-09
 343  343.  1347.76387  1043.58943  10.992001  2.05213558  1.E-09
 344  344.  1350.23795  1045.11686  10.987001  2.05182627  1.E-09
 345  345.  1352.71007  1046.64212  10.982101  2.05151633  1.E-09
 346  346.  1355.18022  1048.16518  10.977201  2.05120578  1.E-09
 347  347.  1357.64841  1049.68605  10.972401  2.05089461  1.E-09
 348  348.  1360.11462  1051.20472  10.967501  2.05058284  1.E-09
 349  349.  1362.57885  1052.7212  10.962601  2.05027048  1.E-09
 350  350.  1365.04111  1054.23547  10.957801  2.04995753  1.E-09
 351  351.  1367.50138  1055.74755  10.953001  2.04964401  1.E-09
 352  352.  1369.95967  1057.25742  10.948201  2.04932992  1.E-09
 353  353.  1372.41599  1058.7651  10.943401  2.04901527  1.E-09
 354  354.  1374.87034  1060.27059  10.938601  2.04870008  1.E-09
 355  355.  1377.32272  1061.7739  10.933801  2.04838434  1.E-09
 356  356.  1379.77314  1063.27503  10.929001  2.04806808  1.E-09
 357  357.  1382.22162  1064.774  10.924301  2.04775129  1.E-09
 358  358.  1384.66816  1066.27082  10.919601  2.04743398  1.E-09
 359  359.  1387.11278  1067.7655  10.914801  2.04711617  1.E-09
 360  360.  1389.55551  1069.25805  10.910101  2.04679785  1.E-09
 361  361.  1391.99635  1070.7485  10.905401  2.04647905  1.E-09
 362  362.  1394.43533  1072.23687  10.900801  2.04615976  1.E-09
 363  363.  1396.87247  1073.72317  10.896101  2.04584  1.E-09
 364  364.  1399.3078  1075.20743  10.891401  2.04551977  1.E-09
 365  365.  1401.74134  1076.68968  10.886801  2.04519908  1.E-09
 366  366.  1404.17314  1078.16994  10.882101  2.04487794  1.E-09
 367  367.  1406.60321  1079.64824  10.877501  2.04455635  1.E-09
 368  368.  1409.03159  1081.12462  10.872901  2.04423433  1.E-09
 369  369.  1411.45833  1082.5991  10.868301  2.04391188  1.E-09
 370  370.  1413.88345  1084.07173  10.863701  2.043589  1.E-09
 371  371.  1416.307  1085.54253  10.859201  2.04326571  1.E-09
 372  372.  1418.72902  1087.01155  10.854601  2.04294201  1.E-09
 373  373.  1421.14955  1088.47882  10.850101  2.04261791  1.E-09
 374  374.  1423.56864  1089.94439  10.845501  2.04229341  1.E-09
 375  375.  1425.98633  1091.40829  10.841001  2.04196853  1.E-09
 376  376.  1428.40267  1092.87057  10.836501  2.04164327  1.E-09
 377  377.  1430.81771  1094.33127  10.832001  2.04131763  1.E-09
 378  378.  1433.2315  1095.79043  10.827501  2.04099163  1.E-09
 379  379.  1435.64408  1097.2481  10.823101  2.04066527  1.E-09
 380  380.  1438.0555  1098.70432  10.818601  2.04033855  1.E-09
 381  381.  1440.46581  1100.15914  10.814101  2.04001149  1.E-09
 382  382.  1442.87507  1101.61259  10.809701  2.03968408  1.E-09
 383  383.  1445.28331  1103.06473  10.805301  2.03935634  1.E-09
 384  384.  1447.69059  1104.51558  10.800901  2.03902827  1.E-09
 385  385.  1450.09694  1105.9652  10.796501  2.03869988  1.E-09
 386  386.  1452.50243  1107.41363  10.792101  2.03837117  1.E-09
 387  387.  1454.90708  1108.86089  10.787701  2.03804215  1.E-09
 388  388.  1457.31093  1110.30704  10.783301  2.03771282  1.E-09
 389  389.  1459.71404  1111.75209  10.779001  2.03738319  1.E-09
 390  390.  1462.11642  1113.19609  10.774601  2.03705327  1.E-09
 391  391.  1464.51811  1114.63905  10.770301  2.03672307  1.E-09
 392  392.  1466.91913  1116.08101  10.766001  2.03639257  1.E-09
 393  393.  1469.31952  1117.52199  10.761601  2.0360618  1.E-09
 394  394.  1471.7193  1118.96201  10.757301  2.03573076  1.E-09
 395  395.  1474.11846  1120.40107  10.753101  2.03539945  1.E-09
 396  396.  1476.51704  1121.83919  10.748801  2.03506788  1.E-09
 397  397.  1478.91502  1123.27637  10.744501  2.03473605  1.E-09
 398  398.  1481.31242  1124.71262  10.740201  2.03440397  1.E-09
 399  399.  1483.70922  1126.14793  10.736001  2.03407164  1.E-09
 400  400.  1486.10542  1127.58228  10.731801  2.03373907  1.E-09
 401  401.  1488.50098  1129.01567  10.727501  2.03340626  1.E-09
 402  402.  1490.8959  1130.44806  10.723301  2.03307322  1.E-09
 403  403.  1493.29013  1131.87944  10.719101  2.03273994  1.E-09
 404  404.  1495.68364  1133.30977  10.714901  2.03240644  1.E-09
 405  405.  1498.07638  1134.73901  10.710701  2.03207273  1.E-09
 406  406.  1500.4683  1136.16711  10.706601  2.03173879  1.E-09
 407  407.  1502.85934  1137.59403  10.702401  2.03140464  1.E-09
 408  408.  1505.24943  1139.0197  10.698301  2.03107029  1.E-09
 409  409.  1507.63851  1140.44406  10.694101  2.03073573  1.E-09
 410  410.  1510.02649  1141.86705  10.690001  2.03040097  1.E-09
 411  411.  1512.41329  1143.28858  10.685901  2.03006601  1.E-09
 412  412.  1514.79882  1144.70859  10.681801  2.02973087  1.E-09
 413  413.  1517.18298  1146.12698  10.677701  2.02939553  1.E-09
 414  414.  1519.56567  1147.54367  10.673601  2.02906001  1.E-09
 415  415.  1521.9468  1148.95857  10.669501  2.02872431  1.E-09
 416  416.  1524.32624  1150.37159  10.665401  2.02838843  1.E-09
 417  417.  1526.70391  1151.78262  10.661401  2.02805237  1.E-09
 418  418.  1529.07968  1153.19158  10.657301  2.02771615  1.E-09
 419  419.  1531.45345  1154.59838  10.653301  2.02737976  1.E-09
 420  420.  1533.82512  1156.00291  10.649301  2.0270432  1.E-09
 421  421.  1536.19458  1157.40509  10.645201  2.02670649  1.E-09
 422  422.  1538.56174  1158.80484  10.641201  2.02636962  1.E-09
 423  423.  1540.92652  1160.20208  10.637201  2.0260326  1.E-09
 424  424.  1543.28883  1161.59674  10.633201  2.02569542  1.E-09
 425  425.  1545.64861  1162.98876  10.629301  2.0253581  1.E-09
 426  426.  1548.00581  1164.3781  10.625301  2.02502064  1.E-09
 427  427.  1550.36041  1165.76474  10.621301  2.02468304  1.E-09
 428  428.  1552.71239  1167.14867  10.617401  2.0243453  1.E-09
 429  429.  1555.06179  1168.5299  10.613401  2.02400743  1.E-09
 430  430.  1557.40863  1169.90847  10.609501  2.02366943  1.E-09
 431  431.  1559.75302  1171.28447  10.605601  2.0233313  1.E-09
 432  432.  1562.09507  1172.65799  10.601701  2.02299306  1.E-09
 433  433.  1564.43496  1174.02917  10.597801  2.02265469  1.E-09
 434  434.  1566.77289  1175.39822  10.593901  2.02231621  1.E-09
 435  435.  1569.10914  1176.76535  10.590001  2.02197762  1.E-09
 436  436.  1571.44405  1178.13088  10.586101  2.02163892  1.E-09
 437  437.  1573.77802  1179.49514  10.582201  2.02130012  1.E-09
 438  438.  1576.11153  1180.85855  10.578401  2.02096122  1.E-09
 439  439.  1578.44515  1182.22162  10.574501  2.02062222  1.E-09
 440  440.  1580.77954  1183.58491  10.570701  2.02028314  1.E-09
 441  441.  1583.11545  1184.94909  10.566901  2.01994397  1.E-09
 442  442.  1585.45377  1186.31492  10.563001  2.01960471  1.E-09
 443  443.  1587.79549  1187.68326  10.559201  2.01926538  1.E-09
 444  444.  1590.14174  1189.0551  10.555401  2.01892597  1.E-09
 445  445.  1592.49379  1190.43156  10.551601  2.0185865  1.E-09
 446  446.  1594.85308  1191.81388  10.547801  2.01824696  1.E-09
 447  447.  1597.2212  1193.20345  10.544101  2.01790737  1.E-09
 448  448.  1599.59994  1194.60184  10.540301  2.01756773  1.E-09
 449  449.  1601.9913  1196.01079  10.536501  2.01722804  1.E-09
 450  450.  1604.39748  1197.43221  10.532801  2.0168883  1.E-09
