 1  1.  110.930079  108.861433  51.915401  .119057905  .118904871
 2  2.  137.923237  135.066289  19.117601  .201424613  .202537911
 3  3.  155.305403  151.786125  15.847301  .279441146  .28272673
 4  4.  168.001795  163.883045  14.727801  .353595925  .35978036
 5  5.  178.681804  173.988603  14.221101  .424440243  .434128243
 6  6.  188.614986  183.351963  13.965601  .491545813  .505205768
 7  7.  198.262726  192.425553  13.829701  .554432724  .572394543
 8  8.  207.671252  201.253591  13.755001  .612949523  .635426183
 9  9.  216.718799  209.71601  13.713001  .667294816  .694416234
 10  10.  225.258724  217.669345  13.688901  .717896398  .74974273
 11  11.  233.191161  225.016961  13.675101  .765275198  .801902345
 12  12.  240.488093  231.733308  13.667501  .809943901  .851399407
 13  13.  247.190384  237.860586  13.663701  .85234752  .898678044
 14  14.  253.390141  243.491066  13.662701  .892837307  .944089923
 15  15.  259.207654  248.744191  13.663501  .931667248  .987886925
 16  16.  264.768925  253.744383  13.665701  .969004491  1.03022978
 17  17.  270.187272  258.60298  13.668801  1.00494746  1.071206
 18  18.  275.550699  263.405929  13.672401  1.03954699  1.11085203
 19  19.  280.915349  268.207522  13.676301  1.07282714  1.1491756
 20  20.  286.304509  273.02962  13.680101  1.10480291  1.18617545
 21  21.  291.712089  277.865275  13.683701  1.13549362  1.22185629
 22  22.  297.109233  282.685404  13.686901  1.16493103  1.25623825
 23  23.  302.452692  287.447141  13.689401  1.19316282  1.28936102
 24  24.  307.693643  292.102587  13.691401  1.22025202  1.3212835
 25  25.  312.785898  296.606879  13.692701  1.24627395  1.35208028
 26  26.  317.692657  300.924777  13.693401  1.27131147  1.38183634
 27  27.  322.391269  305.035246  13.693501  1.29544981  1.41064093
 28  28.  326.875754  308.933777  13.693101  1.31877165  1.43858174
 29  29.  331.157076  312.6325  13.692201  1.34135292  1.46573983
 30  30.  335.26141  316.158293  13.690801  1.36325966  1.49218572
 31  31.  339.226788  319.549324  13.689101  1.38454604  1.51797677
 32  32.  343.098653  322.850539  13.687101  1.40525356  1.54315608
 33  33.  346.924883  326.10867  13.684801  1.42541139  1.56775263
 34  34.  350.750871  329.36735  13.682201  1.44503773  1.59178271
 35  35.  354.615199  332.662864  13.679301  1.46414187  1.61525224
 36  36.  358.546326  336.020964  13.676301  1.48272676  1.63815975
 37  37.  362.560633  339.455056  13.672901  1.50079183  1.66049965
 38  38.  366.661971  342.965928  13.669301  1.5183356  1.68226539
 39  39.  370.842731  346.542997  13.665501  1.5353579  1.70345212
 40  40.  375.086291  350.166928  13.661401  1.55186156  1.72405872
 41  41.  379.37053  353.813308  13.657001  1.56785324  1.74408895
 42  42.  383.67201  357.456944  13.652401  1.5833437  1.76355167
 43  43.  387.970314  361.076295  13.647501  1.5983472  1.78246025
 44  44.  392.252001  364.657449  13.642301  1.61288059  1.80083142
 45  45.  396.513644  368.197154  13.636801  1.6269619  1.81868355
 46  46.  400.763486  371.70439  13.631101  1.64060887  1.83603489
 47  47.  405.021361  375.200174  13.625201  1.65383755  1.85290177
 48  48.  409.316702  378.715401  13.619001  1.66666121  1.86929724
 49  49.  413.684689  382.286801  13.612601  1.67908959  1.88523013
 50  50.  418.160816  385.951308  13.605901  1.69112881  1.90070494
 51  51.  423.484006  390.444095  13.599101  1.70275136  1.91568337
 52  52.  428.301207  394.39987  13.592101  1.71395258  1.93015741
 53  53.  433.146876  398.370966  13.584801  1.7247644  1.94416475
 54  54.  438.014313  402.35202  13.577301  1.73519978  1.95771914
 55  55.  442.897388  406.338139  13.569601  1.7452716  1.97083446
 56  56.  447.790504  410.324871  13.561701  1.7549928  1.98352486
 57  57.  452.688565  414.308177  13.553601  1.76437624  1.99580463
 58  58.  457.586945  418.284405  13.545301  1.7734347  2.00768804
 59  59.  462.481454  422.250265  13.536901  1.78218072  2.01918928
 60  60.  467.368314  426.2028  13.528301  1.79062661  2.03032238
 61  61.  472.244128  430.139372  13.519501  1.79878437  2.04110109
 62  62.  477.105854  434.057633  13.510601  1.80666566  2.05153887
 63  63.  481.950785  437.955504  13.501501  1.81428176  2.06164883
 64  64.  486.776518  441.831163  13.492301  1.82164358  2.0714437
 65  65.  491.580938  445.683019  13.483001  1.82876164  2.08093582
 66  66.  496.362197  449.509697  13.473601  1.83564604  2.09013709
 67  67.  501.118689  453.310024  13.464101  1.84230651  2.09905901
 68  68.  505.849037  457.083009  13.454401  1.84875234  2.10771262
 69  69.  510.552072  460.827832  13.444701  1.85499245  2.11610855
 70  70.  515.226818  464.543828  13.434901  1.86103537  2.124257
 71  71.  519.872474  468.230476  13.425001  1.86688924  2.13216773
 72  72.  524.488404  471.887384  13.415001  1.87256185  2.13985012
 73  73.  529.074118  475.514279  13.404901  1.87806063  2.14731312
 74  74.  533.62926  479.110996  13.394801  1.88339266  2.15456529
 75  75.  538.153598  482.67747  13.384701  1.88856469  2.16161482
 76  76.  542.647012  486.213721  13.374501  1.89358316  2.16846953
 77  77.  547.10948  489.719851  13.364201  1.89845419  2.1751369
 78  78.  551.541072  493.196033  13.353901  1.90318363  2.18162403
 79  79.  555.941937  496.642501  13.343601  1.90777704  2.18793774
 80  80.  560.312299  500.059548  13.333201  1.91223971  2.19408452
 81  81.  564.652444  503.447514  13.322801  1.91657669  2.20007055
 82  82.  568.962712  506.806784  13.312401  1.92079277  2.20590173
 83  83.  573.243497  510.137779  13.301901  1.92489253  2.21158369
 84  84.  577.49523  513.440951  13.291501  1.92888032  2.21712182
 85  85.  581.718383  516.716782  13.281001  1.93276029  2.22252122
 86  86.  585.913455  519.965774  13.270501  1.93653639  2.22778679
 87  87.  590.080974  523.188446  13.260001  1.94021238  2.23292319
 88  88.  594.221486  526.385332  13.249501  1.94379184  2.23793486
 89  89.  598.335554  529.556979  13.239001  1.9472782  2.24282605
 90  90.  602.423754  532.703937  13.228501  1.95067471  2.24760082
 91  91.  606.486671  535.826763  13.218001  1.95398447  2.25226303
 92  92.  610.524893  538.926016  13.207501  1.95721046  2.25681638
 93  93.  614.539013  542.002252  13.197001  1.9603555  2.26126441
 94  94.  618.529621  545.056026  13.186501  1.9634223  2.26561047
 95  95.  622.497307  548.087887  13.176001  1.96641342  2.26985781
 96  96.  626.442653  551.098378  13.165601  1.96933133  2.2740095
 97  97.  630.366235  554.088032  13.155101  1.97217839  2.27806849
 98  98.  634.26862  557.057375  13.144701  1.97495684  2.28203761
 99  99.  638.150365  560.006921  13.134201  1.97766884  2.28591957
 100  100.  642.012015  562.937171  13.123801  1.98031645  2.28971693
 101  101.  645.854101  565.848614  13.113501  1.98290163  2.2934322
 102  102.  649.677143  568.741727  13.103101  1.98542627  2.29706775
 103  103.  653.481643  571.616971  13.092701  1.98789219  2.30062585
 104  104.  657.268089  574.474794  13.082401  1.9903011  2.30410869
 105  105.  661.036954  577.315628  13.072101  1.99265469  2.30751838
 106  106.  664.788694  580.13989  13.061801  1.99495453  2.31085692
 107  107.  668.523748  582.947983  13.051601  1.99720217  2.31412627
 108  108.  672.242538  585.740292  13.041401  1.99939906  2.31732826
 109  109.  675.94547  588.517189  13.031201  2.00154663  2.32046471
 110  110.  679.632932  591.279031  13.021001  2.00364622  2.32353733
 111  111.  683.305298  594.026156  13.010801  2.00569915  2.32654778
 112  112.  686.962922  596.758892  13.000701  2.00770667  2.32949765
 113  113.  690.606143  599.47755  12.990601  2.00966999  2.33238849
 114  114.  694.235284  602.182424  12.980601  2.01159027  2.33522177
 115  115.  697.850652  604.873799  12.970601  2.01346863  2.33799893
 116  116.  701.452539  607.551942  12.960601  2.01530617  2.34072135
 117  117.  705.041222  610.21711  12.950601  2.01710391  2.34339036
 118  118.  708.616962  612.869543  12.940701  2.01886287  2.34600724
 119  119.  712.180009  615.509473  12.930801  2.02058401  2.34857324
 120  120.  715.730595  618.137116  12.920901  2.02226828  2.35108956
 121  121.  719.268944  620.752681  12.911101  2.02391659  2.35355737
 122  122.  722.795264  623.35636  12.901301  2.0255298  2.35597778
 123  123.  726.309752  625.948341  12.891501  2.02710876  2.35835189
 124  124.  729.812595  628.528798  12.881801  2.0286543  2.36068076
 125  125.  733.303967  631.097895  12.872101  2.03016721  2.36296539
 126  126.  736.784034  633.655791  12.862401  2.03164826  2.36520678
 127  127.  740.252951  636.202632  12.852801  2.03309818  2.36740589
 128  128.  743.710864  638.738559  12.843201  2.03451771  2.36956366
 129  129.  747.157912  641.263706  12.833601  2.03590754  2.37168098
 130  130.  750.594224  643.778196  12.824101  2.03726835  2.37375873
 131  131.  754.019924  646.282152  12.814601  2.03860079  2.37579776
 132  132.  757.435127  648.775684  12.805201  2.03990551  2.3777989
 133  133.  760.839944  651.258903  12.795701  2.04118312  2.37976296
 134  134.  764.234478  653.731911  12.786401  2.04243422  2.3816907
 135  135.  767.618828  656.194805  12.777001  2.0436594  2.3835829
 136  136.  770.993089  658.647681  12.767701  2.04485922  2.38544028
 137  137.  774.357351  661.09063  12.758401  2.04603425  2.38726357
 138  138.  777.711699  663.523737  12.749201  2.047185  2.38905347
 139  139.  781.056217  665.947088  12.740001  2.04831201  2.39081065
 140  140.  784.390984  668.360764  12.730801  2.04941578  2.39253578
 141  141.  787.716078  670.764844  12.721601  2.0504968  2.3942295
 142  142.  791.031574  673.159405  12.712501  2.05155555  2.39589244
 143  143.  794.337545  675.544524  12.703501  2.0525925  2.39752522
 144  144.  797.634062  677.920274  12.694401  2.05360811  2.39912842
 145  145.  800.921198  680.286729  12.685401  2.05460282  2.40070263
 146  146.  804.199021  682.64396  12.676401  2.05557706  2.40224841
 147  147.  807.4676  684.99204  12.667501  2.05653124  2.40376633
 148  148.  810.727004  687.33104  12.658601  2.05746579  2.40525691
 149  149.  813.977302  689.661031  12.649701  2.05838108  2.40672067
 150  150.  817.218563  691.982083  12.640901  2.05927753  2.40815814
 151  151.  820.450855  694.294268  12.632101  2.0601555  2.40956982
 152  152.  823.674248  696.597658  12.623401  2.06101536  2.41095618
 153  153.  826.888812  698.892323  12.614601  2.06185748  2.41231772
 154  154.  830.094617  701.178336  12.605901  2.0626822  2.41365488
 155  155.  833.291735  703.45577  12.597301  2.06348986  2.41496812
 156  156.  836.480239  705.724698  12.588701  2.06428081  2.4162579
 157  157.  839.660202  707.985195  12.580101  2.06505536  2.41752463
 158  158.  842.831698  710.237335  12.571501  2.06581384  2.41876874
 159  159.  845.994803  712.481194  12.563001  2.06655655  2.41999064
 160  160.  849.149595  714.71685  12.554501  2.0672838  2.42119074
 161  161.  852.29615  716.944379  12.546001  2.06799588  2.42236943
 162  162.  855.434549  719.163859  12.537601  2.06869308  2.42352709
 163  163.  858.564872  721.375371  12.529201  2.06937568  2.4246641
 164  164.  861.6872  723.578995  12.520801  2.07004396  2.42578083
 165  165.  864.801616  725.77481  12.512501  2.07069818  2.42687762
 166  166.  867.908204  727.9629  12.504201  2.07133861  2.42795484
 167  167.  871.007049  730.143346  12.495901  2.0719655  2.42901282
 168  168.  874.098237  732.316232  12.487701  2.07257911  2.4300519
 169  169.  877.181855  734.481641  12.479501  2.07317967  2.4310724
 170  170.  880.25799  736.639659  12.471301  2.07376742  2.43207465
 171  171.  883.326732  738.790369  12.463201  2.0743426  2.43305896
 172  172.  886.388169  740.933858  12.455101  2.07490544  2.43402563
 173  173.  889.442392  743.070211  12.447001  2.07545615  2.43497496
 174  174.  892.48949  745.199514  12.439001  2.07599495  2.43590724
 175  175.  895.529555  747.321853  12.430901  2.07652206  2.43682276
 176  176.  898.562677  749.437314  12.423001  2.07703768  2.43772179
 177  177.  901.588949  751.545985  12.415001  2.07754202  2.43860462
 178  178.  904.608462  753.64795  12.407101  2.07803526  2.4394715
 179  179.  907.621307  755.743296  12.399201  2.07851761  2.4403227
 180  180.  910.627575  757.832109  12.391301  2.07898926  2.44115847
 181  181.  913.627358  759.914474  12.383501  2.07945039  2.44197907
 182  182.  916.620747  761.990476  12.375701  2.07990118  2.44278473
 183  183.  919.607832  764.060199  12.367901  2.0803418  2.4435757
 184  184.  922.588702  766.123727  12.360201  2.08077243  2.44435221
 185  185.  925.563448  768.181142  12.352401  2.08119324  2.44511449
 186  186.  928.532157  770.232528  12.344801  2.0816044  2.44586276
 187  187.  931.494916  772.277965  12.337101  2.08200606  2.44659725
 188  188.  934.451814  774.317533  12.329501  2.08239838  2.44731817
 189  189.  937.402934  776.351312  12.321901  2.08278153  2.44802572
 190  190.  940.348361  778.379378  12.314301  2.08315564  2.44872012
 191  191.  943.288179  780.40181  12.306801  2.08352087  2.44940157
 192  192.  946.222468  782.418682  12.299201  2.08387735  2.45007025
 193  193.  949.15131  784.430068  12.291801  2.08422525  2.45072638
 194  194.  952.074783  786.43604  12.284301  2.08456469  2.45137014
 195  195.  954.992964  788.436671  12.276901  2.0848958  2.45200171
 196  196.  957.905929  790.432028  12.269501  2.08521873  2.45262127
 197  197.  960.813752  792.422181  12.262101  2.0855336  2.453229
 198  198.  963.716504  794.407195  12.254701  2.08584054  2.45382508
 199  199.  966.614256  796.387134  12.247401  2.08613967  2.45440968
 200  200.  969.507076  798.362062  12.240101  2.08643112  2.45498297
 201  201.  972.395031  800.332039  12.232901  2.08671501  2.45554511
 202  202.  975.278185  802.297125  12.225601  2.08699145  2.45609627
 203  203.  978.1566  804.257376  12.218401  2.08726056  2.45663659
 204  204.  981.030338  806.212849  12.211201  2.08752245  2.45716624
 205  205.  983.899457  808.163597  12.204101  2.08777723  2.45768536
 206  206.  986.764013  810.109671  12.196901  2.08802502  2.45819412
 207  207.  989.62406  812.051123  12.189801  2.08826591  2.45869265
 208  208.  992.479652  813.987999  12.182701  2.08850001  2.45918109
 209  209.  995.330838  815.920347  12.175701  2.08872742  2.4596596
 210  210.  998.177667  817.84821  12.168701  2.08894825  2.4601283
 211  211.  1001.02019  819.771631  12.161601  2.08916259  2.46058734
 212  212.  1003.85844  821.690652  12.154701  2.08937054  2.46103684
 213  213.  1006.69246  823.60531  12.147701  2.08957219  2.46147694
 214  214.  1009.52231  825.515645  12.140801  2.08976764  2.46190777
 215  215.  1012.34801  827.42169  12.133901  2.08995697  2.46232944
 216  216.  1015.1696  829.323481  12.127001  2.09014027  2.4627421
 217  217.  1017.98711  831.221049  12.120101  2.09031764  2.46314586
 218  218.  1020.80059  833.114426  12.113301  2.09048916  2.46354083
 219  219.  1023.61006  835.003641  12.106501  2.09065492  2.46392714
 220  220.  1026.41555  836.888721  12.099701  2.09081499  2.4643049
 221  221.  1029.21708  838.769692  12.093001  2.09096946  2.46467423
 222  222.  1032.0147  840.646581  12.086201  2.0911184  2.46503523
 223  223.  1034.80841  842.519411  12.079501  2.09126191  2.46538802
 224  224.  1037.59825  844.388203  12.072801  2.09140005  2.46573271
 225  225.  1040.38423  846.252981  12.066201  2.0915329  2.46606941
 226  226.  1043.16638  848.113763  12.059501  2.09166053  2.4663982
 227  227.  1045.94472  849.970569  12.052901  2.09178303  2.46671921
 228  228.  1048.71927  851.823418  12.046301  2.09190045  2.46703253
 229  229.  1051.49004  853.672326  12.039801  2.09201288  2.46733826
 230  230.  1054.25705  855.51731  12.033201  2.09212038  2.46763649
 231  231.  1057.02033  857.358387  12.026701  2.09222302  2.46792733
 232  232.  1059.77987  859.195571  12.020201  2.09232087  2.46821087
 233  233.  1062.5357  861.028877  12.013701  2.09241399  2.46848721
 234  234.  1065.28784  862.858318  12.007301  2.09250245  2.46875643
 235  235.  1068.03629  864.683909  12.000801  2.09258631  2.46901862
 236  236.  1070.78106  866.505663  11.994401  2.09266564  2.46927388
 237  237.  1073.52218  868.323592  11.988001  2.0927405  2.46952229
 238  238.  1076.25965  870.137709  11.981701  2.09281095  2.46976394
 239  239.  1078.99349  871.948028  11.975301  2.09287705  2.46999892
 240  240.  1081.72371  873.754559  11.969001  2.09293886  2.4702273
 241  241.  1084.45031  875.557316  11.962701  2.09299644  2.47044917
 242  242.  1087.17332  877.356311  11.956401  2.09304984  2.47066462
 243  243.  1089.89274  879.151556  11.950201  2.09309912  2.47087371
 244  244.  1092.60858  880.943065  11.943901  2.09314434  2.47107654
 245  245.  1095.32087  882.73085  11.937701  2.09318555  2.47127317
 246  246.  1098.02961  884.514925  11.931501  2.09322281  2.47146369
 247  247.  1100.73481  886.295302  11.925301  2.09325617  2.47164818
 248  248.  1103.43649  888.071997  11.919201  2.09328568  2.47182669
 249  249.  1106.13467  889.845023  11.913101  2.09331139  2.47199931
 250  250.  1108.82935  891.614396  11.906901  2.09333335  2.47216612
 251  251.  1111.52056  893.38013  11.900901  2.09335162  2.47232717
 252  252.  1114.2083  895.142242  11.894801  2.09336624  2.47248255
 253  253.  1116.8926  896.900749  11.888701  2.09337726  2.47263232
 254  254.  1119.57348  898.655667  11.882701  2.09338473  2.47277655
 255  255.  1122.25094  900.407015  11.876701  2.09338869  2.4729153
 256  256.  1124.92502  902.154811  11.870701  2.0933892  2.47304865
 257  257.  1127.59573  903.899075  11.864701  2.09338629  2.47317666
 258  258.  1130.26308  905.639826  11.858801  2.09338001  2.47329938
 259  259.  1132.92711  907.377086  11.852801  2.09337041  2.4734169
 260  260.  1135.58783  909.110876  11.846901  2.09335754  2.47352926
 261  261.  1138.24528  910.841218  11.841001  2.09334142  2.47363653
 262  262.  1140.89946  912.568136  11.835201  2.09332211  2.47373877
 263  263.  1143.55041  914.291653  11.829301  2.09329964  2.47383604
 264  264.  1146.19815  916.011794  11.823501  2.09327407  2.47392841
 265  265.  1148.84271  917.728585  11.817701  2.09324542  2.47401592
 266  266.  1151.48412  919.442051  11.811901  2.09321374  2.47409863
 267  267.  1154.1224  921.15222  11.806101  2.09317907  2.47417661
 268  268.  1156.75759  922.85912  11.800301  2.09314144  2.4742499
 269  269.  1159.38971  924.562778  11.794601  2.0931009  2.47431857
 270  270.  1162.0188  926.263223  11.788801  2.09305747  2.47438266
 271  271.  1164.64488  927.960485  11.783101  2.09301121  2.47444224
 272  272.  1167.268  929.654595  11.777501  2.09296214  2.47449734
 273  273.  1169.88817  931.345583  11.771801  2.09291031  2.47454804
 274  274.  1172.50544  933.03348  11.766101  2.09285573  2.47459436
 275  275.  1175.11984  934.718318  11.760501  2.09279846  2.47463638
 276  276.  1177.73141  936.400129  11.754901  2.09273853  2.47467413
 277  277.  1180.34017  938.078947  11.749301  2.09267596  2.47470766
 278  278.  1182.94617  939.754803  11.743701  2.0926108  2.47473703
 279  279.  1185.54944  941.427732  11.738101  2.09254307  2.47476229
 280  280.  1188.15002  943.097766  11.732601  2.09247281  2.47478347
 281  281.  1190.74794  944.76494  11.727101  2.09240005  2.47480062
 282  282.  1193.34324  946.429287  11.721601  2.09232482  2.4748138
 283  283.  1195.93596  948.09084  11.716101  2.09224715  2.47482304
 284  284.  1198.52613  949.749635  11.710601  2.09216707  2.47482839
 285  285.  1201.11379  951.405705  11.705101  2.09208462  2.4748299
 286  286.  1203.69898  953.059082  11.699701  2.09199982  2.4748276
 287  287.  1206.28173  954.709802  11.694301  2.09191269  2.47482154
 288  288.  1208.86208  956.357897  11.688801  2.09182328  2.47481177
 289  289.  1211.44007  958.003401  11.683401  2.09173161  2.47479831
 290  290.  1214.01573  959.646345  11.678101  2.0916377  2.47478123
 291  291.  1216.58909  961.286762  11.672701  2.09154159  2.47476054
 292  292.  1219.16019  962.924684  11.667401  2.09144329  2.4747363
 293  293.  1221.72907  964.560141  11.662001  2.09134285  2.47470855
 294  294.  1224.29576  966.193165  11.656701  2.09124027  2.47467731
 295  295.  1226.86029  967.823786  11.651401  2.0911356  2.47464264
 296  296.  1229.42269  969.452031  11.646201  2.09102885  2.47460456
 297  297.  1231.98299  971.07793  11.640901  2.09092005  2.47456312
 298  298.  1234.54122  972.701511  11.635601  2.09080922  2.47451835
 299  299.  1237.09742  974.322798  11.630401  2.0906964  2.47447029
 300  300.  1239.65161  975.941819  11.625201  2.0905816  2.47441897
 301  301.  1242.20381  977.558598  11.620001  2.09046484  2.47436442
 302  302.  1244.75406  979.173159  11.614801  2.09034615  2.4743067
 303  303.  1247.30237  980.785523  11.609601  2.09022556  2.47424581
 304  304.  1249.84877  982.395713  11.604501  2.09010309  2.47418181
 305  305.  1252.39328  984.003748  11.599301  2.08997875  2.47411472
 306  306.  1254.93593  985.609647  11.594201  2.08985258  2.47404458
 307  307.  1257.47673  987.213429  11.589101  2.08972459  2.47397142
 308  308.  1260.01569  988.815109  11.584001  2.0895948  2.47389526
 309  309.  1262.55284  990.414704  11.578901  2.08946324  2.47381616
 310  310.  1265.0882  992.012227  11.573901  2.08932992  2.47373412
 311  311.  1267.62176  993.60769  11.568801  2.08919487  2.47364919
 312  312.  1270.15355  995.201106  11.563801  2.08905811  2.47356139
 313  313.  1272.68358  996.792484  11.558801  2.08891966  2.47347076
 314  314.  1275.21185  998.381833  11.553801  2.08877953  2.47337733
 315  315.  1277.73838  999.96916  11.548801  2.08863775  2.47328111
 316  316.  1280.26317  1001.55447  11.543801  2.08849434  2.47318215
 317  317.  1282.78622  1003.13777  11.538901  2.08834931  2.47308047
 318  318.  1285.30754  1004.71907  11.533901  2.08820268  2.4729761
 319  319.  1287.82712  1006.29836  11.529001  2.08805448  2.47286907
 320  320.  1290.34498  1007.87564  11.524101  2.08790472  2.4727594
 321  321.  1292.8611  1009.45093  11.519201  2.08775342  2.47264712
 322  322.  1295.3755  1011.02421  11.514301  2.08760059  2.47253226
 323  323.  1297.88815  1012.59548  11.509401  2.08744626  2.47241485
 324  324.  1300.39907  1014.16475  11.504501  2.08729044  2.47229491
 325  325.  1302.90824  1015.732  11.499701  2.08713315  2.47217246
 326  326.  1305.41566  1017.29723  11.494901  2.08697441  2.47204754
 327  327.  1307.92131  1018.86043  11.490001  2.08681423  2.47192016
 328  328.  1310.4252  1020.42161  11.485201  2.08665263  2.47179036
 329  329.  1312.92731  1021.98074  11.480401  2.08648962  2.47165816
 330  330.  1315.42764  1023.53783  11.475701  2.08632523  2.47152358
 331  331.  1317.92616  1025.09287  11.470901  2.08615946  2.47138665
 332  332.  1320.42287  1026.64584  11.466101  2.08599234  2.47124738
 333  333.  1322.91777  1028.19673  11.461401  2.08582388  2.47110581
 334  334.  1325.41083  1029.74554  11.456701  2.08565409  2.47096196
 335  335.  1327.90204  1031.29226  11.452001  2.08548299  2.47081586
 336  336.  1330.3914  1032.83687  11.447301  2.0853106  2.47066751
 337  337.  1332.87889  1034.37937  11.442601  2.08513693  2.47051695
 338  338.  1335.36449  1035.91975  11.437901  2.08496199  2.4703642
 339  339.  1337.8482  1037.45799  11.433301  2.0847858  2.47020928
 340  340.  1340.33001  1038.99408  11.428601  2.08460838  2.47005222
 341  341.  1342.80989  1040.52803  11.424001  2.08442973  2.46989303
 342  342.  1345.28785  1042.05981  11.419401  2.08424988  2.46973173
 343  343.  1347.76387  1043.58943  11.414701  2.08406883  2.46956836
 344  344.  1350.23795  1045.11686  11.410201  2.0838866  2.46940292
 345  345.  1352.71007  1046.64212  11.405601  2.0837032  2.46923545
 346  346.  1355.18022  1048.16518  11.401001  2.08351866  2.46906595
 347  347.  1357.64841  1049.68605  11.396401  2.08333297  2.46889446
 348  348.  1360.11462  1051.20472  11.391901  2.08314616  2.46872098
 349  349.  1362.57885  1052.7212  11.387401  2.08295823  2.46854555
 350  350.  1365.04111  1054.23547  11.382801  2.0827692  2.46836818
 351  351.  1367.50138  1055.74755  11.378301  2.08257909  2.46818889
 352  352.  1369.95967  1057.25742  11.373801  2.0823879  2.46800771
 353  353.  1372.41599  1058.7651  11.369401  2.08219565  2.46782464
 354  354.  1374.87034  1060.27059  11.364901  2.08200235  2.46763971
 355  355.  1377.32272  1061.7739  11.360401  2.08180801  2.46745294
 356  356.  1379.77314  1063.27503  11.356001  2.08161265  2.46726434
 357  357.  1382.22162  1064.774  11.351601  2.08141627  2.46707394
 358  358.  1384.66816  1066.27082  11.347101  2.08121889  2.46688176
 359  359.  1387.11278  1067.7655  11.342701  2.08102052  2.4666878
 360  360.  1389.55551  1069.25805  11.338301  2.08082118  2.4664921
 361  361.  1391.99635  1070.7485  11.333901  2.08062087  2.46629466
 362  362.  1394.43533  1072.23687  11.329601  2.0804196  2.46609551
 363  363.  1396.87247  1073.72317  11.325201  2.08021739  2.46589466
 364  364.  1399.3078  1075.20743  11.320801  2.08001425  2.46569213
 365  365.  1401.74134  1076.68968  11.316501  2.07981018  2.46548793
 366  366.  1404.17314  1078.16994  11.312201  2.07960521  2.46528209
 367  367.  1406.60321  1079.64824  11.307801  2.07939933  2.46507462
 368  368.  1409.03159  1081.12462  11.303501  2.07919256  2.46486554
 369  369.  1411.45833  1082.5991  11.299201  2.07898492  2.46465486
 370  370.  1413.88345  1084.07173  11.295001  2.07877641  2.4644426
 371  371.  1416.307  1085.54253  11.290701  2.07856704  2.46422878
 372  372.  1418.72902  1087.01155  11.286401  2.07835682  2.4640134
 373  373.  1421.14955  1088.47882  11.282201  2.07814577  2.4637965
 374  374.  1423.56864  1089.94439  11.277901  2.07793389  2.46357807
 375  375.  1425.98633  1091.40829  11.273701  2.07772119  2.46335815
 376  376.  1428.40267  1092.87057  11.269501  2.07750768  2.46313674
 377  377.  1430.81771  1094.33127  11.265301  2.07729338  2.46291385
 378  378.  1433.2315  1095.79043  11.261101  2.07707828  2.46268951
 379  379.  1435.64408  1097.2481  11.256901  2.07686241  2.46246372
 380  380.  1438.0555  1098.70432  11.252701  2.07664576  2.46223651
 381  381.  1440.46581  1100.15914  11.248501  2.07642836  2.46200789
 382  382.  1442.87507  1101.61259  11.244401  2.07621021  2.46177786
 383  383.  1445.28331  1103.06473  11.240201  2.07599131  2.46154645
 384  384.  1447.69059  1104.51558  11.236101  2.07577167  2.46131366
 385  385.  1450.09694  1105.9652  11.232001  2.07555132  2.46107952
 386  386.  1452.50243  1107.41363  11.227901  2.07533024  2.46084404
 387  387.  1454.90708  1108.86089  11.223801  2.07510846  2.46060722
 388  388.  1457.31093  1110.30704  11.219701  2.07488598  2.46036909
 389  389.  1459.71404  1111.75209  11.215601  2.07466281  2.46012965
 390  390.  1462.11642  1113.19609  11.211501  2.07443895  2.45988892
 391  391.  1464.51811  1114.63905  11.207501  2.07421442  2.45964691
 392  392.  1466.91913  1116.08101  11.203401  2.07398922  2.45940363
 393  393.  1469.31952  1117.52199  11.199401  2.07376336  2.4591591
 394  394.  1471.7193  1118.96201  11.195401  2.07353685  2.45891332
 395  395.  1474.11846  1120.40107  11.191301  2.0733097  2.45866632
 396  396.  1476.51704  1121.83919  11.187301  2.07308191  2.4584181
 397  397.  1478.91502  1123.27637  11.183301  2.07285349  2.45816867
 398  398.  1481.31242  1124.71262  11.179301  2.07262445  2.45791805
 399  399.  1483.70922  1126.14793  11.175401  2.0723948  2.45766625
 400  400.  1486.10542  1127.58228  11.171401  2.07216454  2.45741327
 401  401.  1488.50098  1129.01567  11.167401  2.07193368  2.45715913
 402  402.  1490.8959  1130.44806  11.163501  2.07170223  2.45690385
 403  403.  1493.29013  1131.87944  11.159501  2.07147019  2.45664742
 404  404.  1495.68364  1133.30977  11.155601  2.07123757  2.45638988
 405  405.  1498.07638  1134.73901  11.151701  2.07100438  2.45613121
 406  406.  1500.4683  1136.16711  11.147801  2.07077062  2.45587144
 407  407.  1502.85934  1137.59403  11.143901  2.07053631  2.45561057
 408  408.  1505.24943  1139.0197  11.140001  2.07030144  2.45534862
 409  409.  1507.63851  1140.44406  11.136101  2.07006602  2.45508559
 410  410.  1510.02649  1141.86705  11.132201  2.06983007  2.4548215
 411  411.  1512.41329  1143.28858  11.128401  2.06959358  2.45455636
 412  412.  1514.79882  1144.70859  11.124501  2.06935657  2.45429017
 413  413.  1517.18298  1146.12698  11.120701  2.06911903  2.45402295
 414  414.  1519.56567  1147.54367  11.116801  2.06888097  2.4537547
 415  415.  1521.9468  1148.95857  11.113001  2.06864241  2.45348545
 416  416.  1524.32624  1150.37159  11.109201  2.06840335  2.45321518
 417  417.  1526.70391  1151.78262  11.105401  2.06816378  2.45294392
 418  418.  1529.07968  1153.19158  11.101601  2.06792373  2.45267167
 419  419.  1531.45345  1154.59838  11.097801  2.06768318  2.45239845
 420  420.  1533.82512  1156.00291  11.094001  2.06744216  2.45212426
 421  421.  1536.19458  1157.40509  11.090201  2.06720066  2.45184911
 422  422.  1538.56174  1158.80484  11.086501  2.0669587  2.45157302
 423  423.  1540.92652  1160.20208  11.082701  2.06671627  2.45129599
 424  424.  1543.28883  1161.59674  11.079001  2.06647338  2.45101802
 425  425.  1545.64861  1162.98876  11.075201  2.06623004  2.45073914
 426  426.  1548.00581  1164.3781  11.071501  2.06598625  2.45045934
 427  427.  1550.36041  1165.76474  11.067801  2.06574202  2.45017864
 428  428.  1552.71239  1167.14867  11.064101  2.06549736  2.44989704
 429  429.  1555.06179  1168.5299  11.060401  2.06525226  2.44961456
 430  430.  1557.40863  1169.90847  11.056701  2.06500674  2.4493312
 431  431.  1559.75302  1171.28447  11.053001  2.0647608  2.44904698
 432  432.  1562.09507  1172.65799  11.049301  2.06451444  2.4487619
 433  433.  1564.43496  1174.02917  11.045701  2.06426768  2.44847597
 434  434.  1566.77289  1175.39822  11.042001  2.06402051  2.44818919
 435  435.  1569.10914  1176.76535  11.038401  2.06377295  2.44790159
 436  436.  1571.44405  1178.13088  11.034701  2.06352499  2.44761316
 437  437.  1573.77802  1179.49514  11.031101  2.06327664  2.44732392
 438  438.  1576.11153  1180.85855  11.027501  2.06302792  2.44703387
 439  439.  1578.44515  1182.22162  11.023801  2.06277881  2.44674302
 440  440.  1580.77954  1183.58491  11.020201  2.06252934  2.44645139
 441  441.  1583.11545  1184.94909  11.016601  2.0622795  2.44615898
 442  442.  1585.45377  1186.31492  11.013101  2.06202931  2.4458658
 443  443.  1587.79549  1187.68326  11.009501  2.06177876  2.44557185
 444  444.  1590.14174  1189.0551  11.005901  2.06152786  2.44527716
 445  445.  1592.49379  1190.43156  11.002301  2.06127662  2.44498172
 446  446.  1594.85308  1191.81388  10.998801  2.06102505  2.44468554
 447  447.  1597.2212  1193.20345  10.995201  2.06077314  2.44438864
 448  448.  1599.59994  1194.60184  10.991701  2.06052091  2.44409103
 449  449.  1601.9913  1196.01079  10.988101  2.06026836  2.4437927
 450  450.  1604.39748  1197.43221  10.984601  2.0600155  2.44349368
