 1  1.  110.930079  108.861433  48.132501  .0862719413  .085930958
 2  2.  137.923237  135.066289  17.065701  .150433398  .150652314
 3  3.  155.305403  151.786125  14.197801  .213497941  .214923656
 4  4.  168.001795  163.883045  13.260301  .275238581  .278434064
 5  5.  178.681804  173.988603  12.864901  .335782391  .341254147
 6  6.  188.614986  183.351963  12.688601  .39447  .402648525
 7  7.  198.262726  192.425553  12.614201  .450600847  .461827389
 8  8.  207.671252  201.253591  12.589701  .503785875  .518318242
 9  9.  216.718799  209.71601  12.590101  .553991137  .572022669
 10  10.  225.258724  217.669345  12.602801  .60143893  .623120899
 11  11.  233.191161  225.016961  12.621701  .646481329  .671941982
 12  12.  240.488093  231.733308  12.643601  .689498209  .71885565
 13  13.  247.190384  237.860586  12.666901  .730831789  .764200625
 14  14.  253.390141  243.491066  12.690801  .770752909  .808245826
 15  15.  259.207654  248.744191  12.715001  .809450342  .851176215
 16  16.  264.768925  253.744383  12.739201  .847035598  .893095711
 17  17.  270.187272  258.60298  12.762901  .883557277  .934041087
 18  18.  275.550699  263.405929  12.786101  .919020229  .974001775
 19  19.  280.915349  268.207522  12.808401  .95340584  1.01294156
 20  20.  286.304509  273.02962  12.829501  .986690166  1.05081848
 21  21.  291.712089  277.865275  12.849501  1.01885791  1.08760046
 22  22.  297.109233  282.685404  12.868001  1.04991129  1.12327559
 23  23.  302.452692  287.447141  12.885101  1.07987364  1.15785658
 24  24.  307.693643  292.102587  12.900701  1.10878888  1.19138047
 25  25.  312.785898  296.606879  12.914901  1.13671775  1.22390469
 26  26.  317.692657  300.924777  12.927801  1.16373234  1.25550099
 27  27.  322.391269  305.035246  12.939401  1.18990995  1.28624847
 28  28.  326.875754  308.933777  12.949901  1.21532717  1.31622675
 29  29.  331.157076  312.6325  12.959501  1.24005478  1.34550988
 30  30.  335.26141  316.158293  12.968101  1.26415376  1.3741616
 31  31.  339.226788  319.549324  12.976001  1.28767273  1.40223208
 32  32.  343.098653  322.850539  12.983101  1.31064675  1.42975626
 33  33.  346.924883  326.10867  12.989501  1.33309748  1.45675384
 34  34.  350.750871  329.36735  12.995401  1.35503464  1.48323073
 35  35.  354.615199  332.662864  13.000601  1.3764583  1.50918166
 36  36.  358.546326  336.020964  13.005301  1.39736198  1.5345936
 37  37.  362.560633  339.455056  13.009301  1.41773589  1.55944965
 38  38.  366.661971  342.965928  13.012801  1.43757008  1.58373264
 39  39.  370.842731  346.542997  13.015701  1.45685705  1.60742841
 40  40.  375.086291  350.166928  13.017901  1.47559372  1.63052805
 41  41.  379.37053  353.813308  13.019601  1.49378239  1.65302919
 42  42.  383.67201  357.456944  13.020701  1.51143082  1.67493618
 43  43.  387.970314  361.076295  13.021201  1.5285515  1.6962592
 44  44.  392.252001  364.657449  13.021201  1.5451603  1.71701274
 45  45.  396.513644  368.197154  13.020601  1.56127467  1.73721338
 46  46.  400.763486  371.70439  13.019401  1.57691182  1.7568776
 47  47.  405.021361  375.200174  13.017801  1.5920869  1.77601957
 48  48.  409.316702  378.715401  13.015701  1.60681166  1.79464947
 49  49.  413.684689  382.286801  13.013201  1.62109365  1.81277251
 50  50.  418.160816  385.951308  13.010201  1.6349362  1.83038884
 51  51.  423.484006  390.444095  13.006701  1.64828316  1.84742374
 52  52.  428.301207  394.39987  13.002801  1.66115953  1.86390631
 53  53.  433.146876  398.370966  12.998501  1.67358984  1.87986344
 54  54.  438.014313  402.35202  12.993701  1.68558789  1.89530907
 55  55.  442.897388  406.338139  12.988501  1.69716764  1.91025763
 56  56.  447.790504  410.324871  12.982901  1.70834326  1.92472405
 57  57.  452.688565  414.308177  12.976901  1.71912903  1.93872363
 58  58.  457.586945  418.284405  12.970601  1.72953919  1.95227182
 59  59.  462.481454  422.250265  12.963901  1.73958785  1.96538414
 60  60.  467.368314  426.2028  12.956901  1.74928894  1.978076
 61  61.  472.244128  430.139372  12.949601  1.75865607  1.99036267
 62  62.  477.105854  434.057633  12.942001  1.76770253  2.00225912
 63  63.  481.950785  437.955504  12.934201  1.77644126  2.01378004
 64  64.  486.776518  441.831163  12.926001  1.78488476  2.02493972
 65  65.  491.580938  445.683019  12.917701  1.79304514  2.03575207
 66  66.  496.362197  449.509697  12.909001  1.80093405  2.04623056
 67  67.  501.118689  453.310024  12.900201  1.80856271  2.05638821
 68  68.  505.849037  457.083009  12.891201  1.81594189  2.06623757
 69  69.  510.552072  460.827832  12.882001  1.82308191  2.07579074
 70  70.  515.226818  464.543828  12.872601  1.82999267  2.08505935
 71  71.  519.872474  468.230476  12.863001  1.83668364  2.09405456
 72  72.  524.488404  471.887384  12.853301  1.84316385  2.10278707
 73  73.  529.074118  475.514279  12.843401  1.84944194  2.11126713
 74  74.  533.62926  479.110996  12.833401  1.85552616  2.11950457
 75  75.  538.153598  482.67747  12.823301  1.86142436  2.12750877
 76  76.  542.647012  486.213721  12.813001  1.86714404  2.1352887
 77  77.  547.10948  489.719851  12.802701  1.87269234  2.14285295
 78  78.  551.541072  493.196033  12.792201  1.87807608  2.15020969
 79  79.  555.941937  496.642501  12.781701  1.88330172  2.15736675
 80  80.  560.312299  500.059548  12.771101  1.88837545  2.16433158
 81  81.  564.652444  503.447514  12.760301  1.89330314  2.17111131
 82  82.  568.962712  506.806784  12.749601  1.89809039  2.17771273
 83  83.  573.243497  510.137779  12.738701  1.90274254  2.18414232
 84  84.  577.49523  513.440951  12.727801  1.90726465  2.19040625
 85  85.  581.718383  516.716782  12.716801  1.91166156  2.19651043
 86  86.  585.913455  519.965774  12.705801  1.91593788  2.20246047
 87  87.  590.080974  523.188446  12.694801  1.92009798  2.20826176
 88  88.  594.221486  526.385332  12.683701  1.92414606  2.21391939
 89  89.  598.335554  529.556979  12.672601  1.92808608  2.21943827
 90  90.  602.423754  532.703937  12.661401  1.93192185  2.22482306
 91  91.  606.486671  535.826763  12.650201  1.93565699  2.23007821
 92  92.  610.524893  538.926016  12.639001  1.93929493  2.23520796
 93  93.  614.539013  542.002252  12.627801  1.94283899  2.24021639
 94  94.  618.529621  545.056026  12.616501  1.94629229  2.24510738
 95  95.  622.497307  548.087887  12.605301  1.94965784  2.24988463
 96  96.  626.442653  551.098378  12.594001  1.9529385  2.25455168
 97  97.  630.366235  554.088032  12.582701  1.956137  2.25911194
 98  98.  634.26862  557.057375  12.571401  1.95925597  2.26356864
 99  99.  638.150365  560.006921  12.560201  1.96229789  2.26792489
 100  100.  642.012015  562.937171  12.548901  1.96526517  2.27218367
 101  101.  645.854101  565.848614  12.537601  1.96816009  2.27634782
 102  102.  649.677143  568.741727  12.526301  1.97098484  2.28042007
 103  103.  653.481643  571.616971  12.515101  1.97374152  2.28440305
 104  104.  657.268089  574.474794  12.503801  1.97643215  2.28829925
 105  105.  661.036954  577.315628  12.492501  1.97905864  2.2921111
 106  106.  664.788694  580.13989  12.481301  1.98162284  2.29584091
 107  107.  668.523748  582.947983  12.470101  1.98412654  2.29949089
 108  108.  672.242538  585.740292  12.458901  1.98657143  2.30306318
 109  109.  675.94547  588.517189  12.447701  1.98895915  2.30655984
 110  110.  679.632932  591.279031  12.436501  1.99129128  2.30998285
 111  111.  683.305298  594.026156  12.425401  1.99356932  2.3133341
 112  112.  686.962922  596.758892  12.414201  1.99579473  2.31661542
 113  113.  690.606143  599.47755  12.403101  1.9979689  2.31982858
 114  114.  694.235284  602.182424  12.392101  2.0000932  2.32297528
 115  115.  697.850652  604.873799  12.381001  2.00216891  2.32605716
 116  116.  701.452539  607.551942  12.370001  2.00419729  2.3290758
 117  117.  705.041222  610.21711  12.358901  2.00617954  2.33203273
 118  118.  708.616962  612.869543  12.348001  2.00811683  2.33492942
 119  119.  712.180009  615.509473  12.337001  2.01001029  2.33776731
 120  120.  715.730595  618.137116  12.326101  2.011861  2.34054776
 121  121.  719.268944  620.752681  12.315201  2.01367001  2.34327211
 122  122.  722.795264  623.35636  12.304301  2.01543833  2.34594166
 123  123.  726.309752  625.948341  12.293501  2.01716694  2.34855764
 124  124.  729.812595  628.528798  12.282701  2.0188568  2.35112128
 125  125.  733.303967  631.097895  12.271901  2.02050883  2.35363374
 126  126.  736.784034  633.655791  12.261101  2.0221239  2.35609616
 127  127.  740.252951  636.202632  12.250401  2.02370289  2.35850964
 128  128.  743.710864  638.738559  12.239701  2.02524663  2.36087525
 129  129.  747.157912  641.263706  12.229101  2.02675593  2.36319403
 130  130.  750.594224  643.778196  12.218501  2.02823157  2.36546698
 131  131.  754.019924  646.282152  12.207901  2.02967432  2.36769508
 132  132.  757.435127  648.775684  12.197301  2.03108491  2.36987929
 133  133.  760.839944  651.258903  12.186801  2.03246407  2.37202053
 134  134.  764.234478  653.731911  12.176301  2.03381248  2.37411969
 135  135.  767.618828  656.194805  12.165901  2.03513084  2.37617766
 136  136.  770.993089  658.647681  12.155501  2.03641979  2.37819527
 137  137.  774.357351  661.09063  12.145101  2.03767998  2.38017337
 138  138.  777.711699  663.523737  12.134701  2.03891203  2.38211274
 139  139.  781.056217  665.947088  12.124401  2.04011654  2.38401418
 140  140.  784.390984  668.360764  12.114101  2.04129411  2.38587846
 141  141.  787.716078  670.764844  12.103901  2.0424453  2.38770631
 142  142.  791.031574  673.159405  12.093701  2.04357068  2.38949846
 143  143.  794.337545  675.544524  12.083501  2.04467078  2.39125562
 144  144.  797.634062  677.920274  12.073401  2.04574614  2.39297847
 145  145.  800.921198  680.286729  12.063301  2.04679727  2.39466769
 146  146.  804.199021  682.64396  12.053201  2.04782468  2.39632392
 147  147.  807.4676  684.99204  12.043201  2.04882884  2.39794782
 148  148.  810.727004  687.33104  12.033201  2.04981025  2.39954001
 149  149.  813.977302  689.661031  12.023301  2.05076936  2.40110108
 150  150.  817.218563  691.982083  12.013301  2.05170662  2.40263164
 151  151.  820.450855  694.294268  12.003501  2.05262248  2.40413226
 152  152.  823.674248  696.597658  11.993601  2.05351736  2.40560351
 153  153.  826.888812  698.892323  11.983801  2.0543917  2.40704594
 154  154.  830.094617  701.178336  11.974001  2.05524589  2.40846008
 155  155.  833.291735  703.45577  11.964301  2.05608034  2.40984648
 156  156.  836.480239  705.724698  11.954601  2.05689543  2.41120563
 157  157.  839.660202  707.985195  11.944901  2.05769154  2.41253804
 158  158.  842.831698  710.237335  11.935301  2.05846906  2.4138442
 159  159.  845.994803  712.481194  11.925701  2.05922833  2.41512459
 160  160.  849.149595  714.71685  11.916101  2.05996972  2.41637968
 161  161.  852.29615  716.944379  11.906601  2.06069356  2.41760992
 162  162.  855.434549  719.163859  11.897101  2.06140019  2.41881575
 163  163.  858.564872  721.375371  11.887601  2.06208995  2.41999763
 164  164.  861.6872  723.578995  11.878201  2.06276315  2.42115597
 165  165.  864.801616  725.77481  11.868801  2.06342011  2.42229118
 166  166.  867.908204  727.9629  11.859401  2.06406113  2.42340368
 167  167.  871.007049  730.143346  11.850101  2.06468651  2.42449387
 168  168.  874.098237  732.316232  11.840801  2.06529655  2.42556212
 169  169.  877.181855  734.481641  11.831601  2.06589153  2.42660883
 170  170.  880.25799  736.639659  11.822401  2.06647172  2.42763437
 171  171.  883.326732  738.790369  11.813201  2.0670374  2.42863909
 172  172.  886.388169  740.933858  11.804001  2.06758883  2.42962336
 173  173.  889.442392  743.070211  11.794901  2.06812628  2.43058752
 174  174.  892.48949  745.199514  11.785801  2.06864999  2.43153191
 175  175.  895.529555  747.321853  11.776801  2.06916022  2.43245686
 176  176.  898.562677  749.437314  11.767801  2.06965721  2.4333627
 177  177.  901.588949  751.545985  11.758801  2.0701412  2.43424975
 178  178.  904.608462  753.64795  11.749801  2.0706124  2.43511832
 179  179.  907.621307  755.743296  11.740901  2.07107106  2.43596871
 180  180.  910.627575  757.832109  11.732001  2.07151739  2.43680122
 181  181.  913.627358  759.914474  11.723201  2.07195161  2.43761614
 182  182.  916.620747  761.990476  11.714401  2.07237393  2.43841375
 183  183.  919.607832  764.060199  11.705601  2.07278455  2.43919434
 184  184.  922.588702  766.123727  11.696801  2.07318369  2.43995818
 185  185.  925.563448  768.181142  11.688101  2.07357152  2.44070553
 186  186.  928.532157  770.232528  11.679401  2.07394825  2.44143666
 187  187.  931.494916  772.277965  11.670801  2.07431407  2.44215183
 188  188.  934.451814  774.317533  11.662201  2.07466916  2.44285127
 189  189.  937.402934  776.351312  11.653601  2.0750137  2.44353524
 190  190.  940.348361  778.379378  11.645001  2.07534787  2.44420398
 191  191.  943.288179  780.40181  11.636501  2.07567184  2.44485772
 192  192.  946.222468  782.418682  11.628001  2.07598578  2.4454967
 193  193.  949.15131  784.430068  11.619501  2.07628986  2.44612113
 194  194.  952.074783  786.43604  11.611101  2.07658423  2.44673125
 195  195.  954.992964  788.436671  11.602701  2.07686906  2.44732726
 196  196.  957.905929  790.432028  11.594301  2.07714449  2.44790938
 197  197.  960.813752  792.422181  11.586001  2.0774107  2.44847781
 198  198.  963.716504  794.407195  11.577601  2.07766781  2.44903277
 199  199.  966.614256  796.387134  11.569401  2.07791598  2.44957444
 200  200.  969.507076  798.362062  11.561101  2.07815535  2.45010304
 201  201.  972.395031  800.332039  11.552901  2.07838605  2.45061874
 202  202.  975.278185  802.297125  11.544701  2.07860824  2.45112173
 203  203.  978.1566  804.257376  11.536501  2.07882203  2.4516122
 204  204.  981.030338  806.212849  11.528401  2.07902757  2.45209034
 205  205.  983.899457  808.163597  11.520301  2.07922497  2.45255631
 206  206.  986.764013  810.109671  11.512201  2.07941438  2.4530103
 207  207.  989.62406  812.051123  11.504201  2.0795959  2.45345247
 208  208.  992.479652  813.987999  11.496201  2.07976966  2.45388299
 209  209.  995.330838  815.920347  11.488201  2.07993579  2.45430203
 210  210.  998.177667  817.84821  11.480201  2.08009439  2.45470974
 211  211.  1001.02019  819.771631  11.472301  2.08024558  2.45510629
 212  212.  1003.85844  821.690652  11.464401  2.08038948  2.45549184
 213  213.  1006.69246  823.60531  11.456501  2.08052619  2.45586652
 214  214.  1009.52231  825.515645  11.448701  2.08065583  2.45623051
 215  215.  1012.34801  827.42169  11.440901  2.08077849  2.45658393
 216  216.  1015.1696  829.323481  11.433101  2.08089428  2.45692694
 217  217.  1017.98711  831.221049  11.425301  2.08100331  2.45725968
 218  218.  1020.80059  833.114426  11.417601  2.08110567  2.4575823
 219  219.  1023.61006  835.003641  11.409901  2.08120146  2.45789492
 220  220.  1026.41555  836.888721  11.402201  2.08129079  2.45819768
 221  221.  1029.21708  838.769692  11.394601  2.08137374  2.45849072
 222  222.  1032.0147  840.646581  11.386901  2.0814504  2.45877416
 223  223.  1034.80841  842.519411  11.379301  2.08152088  2.45904814
 224  224.  1037.59825  844.388203  11.371801  2.08158526  2.45931279
 225  225.  1040.38423  846.252981  11.364201  2.08164362  2.45956821
 226  226.  1043.16638  848.113763  11.356701  2.08169607  2.45981455
 227  227.  1045.94472  849.970569  11.349201  2.08174267  2.46005191
 228  228.  1048.71927  851.823418  11.341801  2.08178352  2.46028043
 229  229.  1051.49004  853.672326  11.334301  2.08181869  2.4605002
 230  230.  1054.25705  855.51731  11.326901  2.08184828  2.46071136
 231  231.  1057.02033  857.358387  11.319501  2.08187235  2.460914
 232  232.  1059.77987  859.195571  11.312201  2.08189099  2.46110825
 233  233.  1062.5357  861.028877  11.304801  2.08190428  2.46129422
 234  234.  1065.28784  862.858318  11.297501  2.08191229  2.461472
 235  235.  1068.03629  864.683909  11.290301  2.0819151  2.46164171
 236  236.  1070.78106  866.505663  11.283001  2.08191278  2.46180344
 237  237.  1073.52218  868.323592  11.275801  2.0819054  2.46195732
 238  238.  1076.25965  870.137709  11.268601  2.08189303  2.46210343
 239  239.  1078.99349  871.948028  11.261401  2.08187576  2.46224187
 240  240.  1081.72371  873.754559  11.254201  2.08185363  2.46237275
 241  241.  1084.45031  875.557316  11.247101  2.08182672  2.46249616
 242  242.  1087.17332  877.356311  11.240001  2.08179511  2.4626122
 243  243.  1089.89274  879.151556  11.232901  2.08175885  2.46272095
 244  244.  1092.60858  880.943065  11.225801  2.08171801  2.46282252
 245  245.  1095.32087  882.73085  11.218801  2.08167266  2.46291699
 246  246.  1098.02961  884.514925  11.211801  2.08162285  2.46300446
 247  247.  1100.73481  886.295302  11.204801  2.08156865  2.46308502
 248  248.  1103.43649  888.071997  11.197801  2.08151013  2.46315874
 249  249.  1106.13467  889.845023  11.190901  2.08144733  2.46322572
 250  250.  1108.82935  891.614396  11.184001  2.08138033  2.46328604
 251  251.  1111.52056  893.38013  11.177101  2.08130917  2.46333979
 252  252.  1114.2083  895.142242  11.170201  2.08123392  2.46338705
 253  253.  1116.8926  896.900749  11.163401  2.08115463  2.4634279
 254  254.  1119.57348  898.655667  11.156501  2.08107136  2.46346242
 255  255.  1122.25094  900.407015  11.149701  2.08098417  2.4634907
 256  256.  1124.92502  902.154811  11.143001  2.0808931  2.46351279
 257  257.  1127.59573  903.899075  11.136201  2.08079822  2.4635288
 258  258.  1130.26308  905.639826  11.129501  2.08069957  2.46353878
 259  259.  1132.92711  907.377086  11.122701  2.0805972  2.46354282
 260  260.  1135.58783  909.110876  11.116101  2.08049117  2.46354099
 261  261.  1138.24528  910.841218  11.109401  2.08038153  2.46353336
 262  262.  1140.89946  912.568136  11.102701  2.08026833  2.46352001
 263  263.  1143.55041  914.291653  11.096101  2.08015161  2.463501
 264  264.  1146.19815  916.011794  11.089501  2.08003142  2.4634764
 265  265.  1148.84271  917.728585  11.082901  2.07990782  2.46344629
 266  266.  1151.48412  919.442051  11.076401  2.07978084  2.46341072
 267  267.  1154.1224  921.15222  11.069801  2.07965054  2.46336978
 268  268.  1156.75759  922.85912  11.063301  2.07951695  2.46332351
 269  269.  1159.38971  924.562778  11.056801  2.07938013  2.463272
 270  270.  1162.0188  926.263223  11.050301  2.07924012  2.46321529
 271  271.  1164.64488  927.960485  11.043901  2.07909695  2.46315346
 272  272.  1167.268  929.654595  11.037401  2.07895068  2.46308657
 273  273.  1169.88817  931.345583  11.031001  2.07880135  2.46301467
 274  274.  1172.50544  933.03348  11.024601  2.07864899  2.46293784
 275  275.  1175.11984  934.718318  11.018301  2.07849365  2.46285612
 276  276.  1177.73141  936.400129  11.011901  2.07833537  2.46276958
 277  277.  1180.34017  938.078947  11.005601  2.07817418  2.46267827
 278  278.  1182.94617  939.754803  10.999301  2.07801013  2.46258225
 279  279.  1185.54944  941.427732  10.993001  2.07784325  2.46248158
 280  280.  1188.15002  943.097766  10.986701  2.07767359  2.46237632
 281  281.  1190.74794  944.76494  10.980501  2.07750117  2.46226651
 282  282.  1193.34324  946.429287  10.974201  2.07732604  2.46215222
 283  283.  1195.93596  948.09084  10.968001  2.07714823  2.46203349
 284  284.  1198.52613  949.749635  10.961801  2.07696778  2.46191037
 285  285.  1201.11379  951.405705  10.955601  2.07678472  2.46178293
 286  286.  1203.69898  953.059082  10.949501  2.07659909  2.4616512
 287  287.  1206.28173  954.709802  10.943401  2.07641092  2.46151524
 288  288.  1208.86208  956.357897  10.937201  2.07622024  2.46137511
 289  289.  1211.44007  958.003401  10.931101  2.07602709  2.46123084
 290  290.  1214.01573  959.646345  10.925101  2.0758315  2.46108249
 291  291.  1216.58909  961.286762  10.919001  2.0756335  2.46093009
 292  292.  1219.16019  962.924684  10.913001  2.07543312  2.46077372
 293  293.  1221.72907  964.560141  10.906901  2.07523039  2.46061339
 294  294.  1224.29576  966.193165  10.900901  2.07502536  2.46044917
 295  295.  1226.86029  967.823786  10.894901  2.07481803  2.46028109
 296  296.  1229.42269  969.452031  10.889001  2.07460845  2.46010921
 297  297.  1231.98299  971.07793  10.883001  2.07439664  2.45993355
 298  298.  1234.54122  972.701511  10.877101  2.07418263  2.45975418
 299  299.  1237.09742  974.322798  10.871201  2.07396645  2.45957112
 300  300.  1239.65161  975.941819  10.865301  2.07374814  2.45938442
 301  301.  1242.20381  977.558598  10.859401  2.0735277  2.45919413
 302  302.  1244.75406  979.173159  10.853601  2.07330518  2.45900028
 303  303.  1247.30237  980.785523  10.847701  2.0730806  2.45880291
 304  304.  1249.84877  982.395713  10.841901  2.07285398  2.45860206
 305  305.  1252.39328  984.003748  10.836101  2.07262536  2.45839778
 306  306.  1254.93593  985.609647  10.830301  2.07239475  2.45819009
 307  307.  1257.47673  987.213429  10.824501  2.07216218  2.45797904
 308  308.  1260.01569  988.815109  10.818801  2.07192768  2.45776467
 309  309.  1262.55284  990.414704  10.813001  2.07169127  2.45754701
 310  310.  1265.0882  992.012227  10.807301  2.07145298  2.45732609
 311  311.  1267.62176  993.60769  10.801601  2.07121282  2.45710197
 312  312.  1270.15355  995.201106  10.795901  2.07097083  2.45687466
 313  313.  1272.68358  996.792484  10.790301  2.07072703  2.4566442
 314  314.  1275.21185  998.381833  10.784601  2.07048143  2.45641064
 315  315.  1277.73838  999.96916  10.779001  2.07023406  2.456174
 316  316.  1280.26317  1001.55447  10.773401  2.06998495  2.45593432
 317  317.  1282.78622  1003.13777  10.767801  2.06973411  2.45569164
 318  318.  1285.30754  1004.71907  10.762201  2.06948157  2.45544597
 319  319.  1287.82712  1006.29836  10.756601  2.06922735  2.45519736
 320  320.  1290.34498  1007.87564  10.751101  2.06897146  2.45494585
 321  321.  1292.8611  1009.45093  10.745501  2.06871394  2.45469145
 322  322.  1295.3755  1011.02421  10.740001  2.06845479  2.45443421
 323  323.  1297.88815  1012.59548  10.734501  2.06819405  2.45417415
 324  324.  1300.39907  1014.16475  10.729001  2.06793173  2.4539113
 325  325.  1302.90824  1015.732  10.723501  2.06766785  2.4536457
 326  326.  1305.41566  1017.29723  10.718101  2.06740243  2.45337738
 327  327.  1307.92131  1018.86043  10.712601  2.06713549  2.45310636
 328  328.  1310.4252  1020.42161  10.707201  2.06686705  2.45283267
 329  329.  1312.92731  1021.98074  10.701801  2.06659712  2.45255635
 330  330.  1315.42764  1023.53783  10.696401  2.06632573  2.45227742
 331  331.  1317.92616  1025.09287  10.691001  2.0660529  2.45199591
 332  332.  1320.42287  1026.64584  10.685701  2.06577864  2.45171184
 333  333.  1322.91777  1028.19673  10.680301  2.06550296  2.45142526
 334  334.  1325.41083  1029.74554  10.675001  2.0652259  2.45113618
 335  335.  1327.90204  1031.29226  10.669701  2.06494747  2.45084462
 336  336.  1330.3914  1032.83687  10.664401  2.06466767  2.45055063
 337  337.  1332.87889  1034.37937  10.659101  2.06438654  2.45025422
 338  338.  1335.36449  1035.91975  10.653801  2.06410409  2.44995542
 339  339.  1337.8482  1037.45799  10.648601  2.06382033  2.44965426
 340  340.  1340.33001  1038.99408  10.643301  2.06353528  2.44935077
 341  341.  1342.80989  1040.52803  10.638101  2.06324896  2.44904496
 342  342.  1345.28785  1042.05981  10.632901  2.06296139  2.44873687
 343  343.  1347.76387  1043.58943  10.627701  2.06267257  2.44842652
 344  344.  1350.23795  1045.11686  10.622501  2.06238253  2.44811393
 345  345.  1352.71007  1046.64212  10.617301  2.06209129  2.44779912
 346  346.  1355.18022  1048.16518  10.612201  2.06179885  2.44748214
 347  347.  1357.64841  1049.68605  10.607101  2.06150523  2.44716299
 348  348.  1360.11462  1051.20472  10.601901  2.06121046  2.4468417
 349  349.  1362.57885  1052.7212  10.596801  2.06091454  2.4465183
 350  350.  1365.04111  1054.23547  10.591701  2.06061748  2.4461928
 351  351.  1367.50138  1055.74755  10.586601  2.06031931  2.44586524
 352  352.  1369.95967  1057.25742  10.581601  2.06002004  2.44553563
 353  353.  1372.41599  1058.7651  10.576501  2.05971969  2.445204
 354  354.  1374.87034  1060.27059  10.571501  2.05941826  2.44487037
 355  355.  1377.32272  1061.7739  10.566501  2.05911577  2.44453476
 356  356.  1379.77314  1063.27503  10.561401  2.05881224  2.44419719
 357  357.  1382.22162  1064.774  10.556401  2.05850768  2.4438577
 358  358.  1384.66816  1066.27082  10.551501  2.0582021  2.44351629
 359  359.  1387.11278  1067.7655  10.546501  2.05789552  2.44317299
 360  360.  1389.55551  1069.25805  10.541501  2.05758795  2.44282782
 361  361.  1391.99635  1070.7485  10.536601  2.0572794  2.4424808
 362  362.  1394.43533  1072.23687  10.531601  2.0569699  2.44213195
 363  363.  1396.87247  1073.72317  10.526701  2.05665944  2.4417813
 364  364.  1399.3078  1075.20743  10.521801  2.05634805  2.44142886
 365  365.  1401.74134  1076.68968  10.516901  2.05603573  2.44107465
 366  366.  1404.17314  1078.16994  10.512101  2.0557225  2.4407187
 367  367.  1406.60321  1079.64824  10.507201  2.05540838  2.44036101
 368  368.  1409.03159  1081.12462  10.502301  2.05509337  2.44000163
 369  369.  1411.45833  1082.5991  10.497501  2.05477748  2.43964055
 370  370.  1413.88345  1084.07173  10.492701  2.05446074  2.4392778
 371  371.  1416.307  1085.54253  10.487901  2.05414314  2.43891341
 372  372.  1418.72902  1087.01155  10.483101  2.05382471  2.43854738
 373  373.  1421.14955  1088.47882  10.478301  2.05350545  2.43817974
 374  374.  1423.56864  1089.94439  10.473501  2.05318537  2.4378105
 375  375.  1425.98633  1091.40829  10.468701  2.05286449  2.43743968
 376  376.  1428.40267  1092.87057  10.464001  2.05254282  2.43706731
 377  377.  1430.81771  1094.33127  10.459201  2.05222037  2.43669339
 378  378.  1433.2315  1095.79043  10.454501  2.05189714  2.43631795
 379  379.  1435.64408  1097.2481  10.449801  2.05157316  2.435941
 380  380.  1438.0555  1098.70432  10.445101  2.05124843  2.43556256
 381  381.  1440.46581  1100.15914  10.440401  2.05092296  2.43518264
 382  382.  1442.87507  1101.61259  10.435701  2.05059676  2.43480127
 383  383.  1445.28331  1103.06473  10.431101  2.05026984  2.43441846
 384  384.  1447.69059  1104.51558  10.426401  2.04994222  2.43403422
 385  385.  1450.09694  1105.9652  10.421801  2.04961389  2.43364857
 386  386.  1452.50243  1107.41363  10.417101  2.04928488  2.43326153
 387  387.  1454.90708  1108.86089  10.412501  2.04895519  2.43287311
 388  388.  1457.31093  1110.30704  10.407901  2.04862483  2.43248333
 389  389.  1459.71404  1111.75209  10.403301  2.04829381  2.4320922
 390  390.  1462.11642  1113.19609  10.398701  2.04796214  2.43169974
 391  391.  1464.51811  1114.63905  10.394201  2.04762983  2.43130596
 392  392.  1466.91913  1116.08101  10.389601  2.04729688  2.43091087
 393  393.  1469.31952  1117.52199  10.385101  2.04696331  2.4305145
 394  394.  1471.7193  1118.96201  10.380501  2.04662912  2.43011685
 395  395.  1474.11846  1120.40107  10.376001  2.04629433  2.42971794
 396  396.  1476.51704  1121.83919  10.371501  2.04595893  2.42931778
 397  397.  1478.91502  1123.27637  10.367001  2.04562295  2.42891638
 398  398.  1481.31242  1124.71262  10.362501  2.04528638  2.42851377
 399  399.  1483.70922  1126.14793  10.358001  2.04494924  2.42810995
 400  400.  1486.10542  1127.58228  10.353601  2.04461153  2.42770494
 401  401.  1488.50098  1129.01567  10.349101  2.04427327  2.42729874
 402  402.  1490.8959  1130.44806  10.344701  2.04393445  2.42689137
 403  403.  1493.29013  1131.87944  10.340201  2.04359509  2.42648285
 404  404.  1495.68364  1133.30977  10.335801  2.04325519  2.42607319
 405  405.  1498.07638  1134.73901  10.331401  2.04291476  2.42566239
 406  406.  1500.4683  1136.16711  10.327001  2.04257381  2.42525048
 407  407.  1502.85934  1137.59403  10.322601  2.04223235  2.42483746
 408  408.  1505.24943  1139.0197  10.318201  2.04189038  2.42442334
 409  409.  1507.63851  1140.44406  10.313901  2.04154791  2.42400814
 410  410.  1510.02649  1141.86705  10.309501  2.04120495  2.42359187
 411  411.  1512.41329  1143.28858  10.305201  2.0408615  2.42317454
 412  412.  1514.79882  1144.70859  10.300801  2.04051758  2.42275616
 413  413.  1517.18298  1146.12698  10.296501  2.04017318  2.42233675
 414  414.  1519.56567  1147.54367  10.292201  2.03982831  2.42191631
 415  415.  1521.9468  1148.95857  10.287901  2.03948299  2.42149486
 416  416.  1524.32624  1150.37159  10.283601  2.03913721  2.4210724
 417  417.  1526.70391  1151.78262  10.279301  2.03879099  2.42064895
 418  418.  1529.07968  1153.19158  10.275101  2.03844433  2.42022452
 419  419.  1531.45345  1154.59838  10.270801  2.03809723  2.41979912
 420  420.  1533.82512  1156.00291  10.266601  2.03774971  2.41937277
 421  421.  1536.19458  1157.40509  10.262301  2.03740177  2.41894546
 422  422.  1538.56174  1158.80484  10.258101  2.03705342  2.41851722
 423  423.  1540.92652  1160.20208  10.253901  2.03670466  2.41808806
 424  424.  1543.28883  1161.59674  10.249701  2.0363555  2.41765797
 425  425.  1545.64861  1162.98876  10.245501  2.03600595  2.41722699
 426  426.  1548.00581  1164.3781  10.241301  2.03565601  2.41679511
 427  427.  1550.36041  1165.76474  10.237101  2.03530569  2.41636234
 428  428.  1552.71239  1167.14867  10.232901  2.034955  2.41592871
 429  429.  1555.06179  1168.5299  10.228801  2.03460394  2.41549421
 430  430.  1557.40863  1169.90847  10.224601  2.03425252  2.41505886
 431  431.  1559.75302  1171.28447  10.220501  2.03390074  2.41462268
 432  432.  1562.09507  1172.65799  10.216401  2.03354862  2.41418566
 433  433.  1564.43496  1174.02917  10.212301  2.03319616  2.41374782
 434  434.  1566.77289  1175.39822  10.208201  2.03284336  2.41330918
 435  435.  1569.10914  1176.76535  10.204101  2.03249024  2.41286974
 436  436.  1571.44405  1178.13088  10.200001  2.03213679  2.41242951
 437  437.  1573.77802  1179.49514  10.195901  2.03178303  2.41198851
 438  438.  1576.11153  1180.85855  10.191801  2.03142896  2.41154673
 439  439.  1578.44515  1182.22162  10.187801  2.03107459  2.41110421
 440  440.  1580.77954  1183.58491  10.183701  2.03071993  2.41066094
 441  441.  1583.11545  1184.94909  10.179701  2.03036497  2.41021694
 442  442.  1585.45377  1186.31492  10.175601  2.03000974  2.40977221
 443  443.  1587.79549  1187.68326  10.171601  2.02965423  2.40932678
 444  444.  1590.14174  1189.0551  10.167601  2.02929845  2.40888064
 445  445.  1592.49379  1190.43156  10.163601  2.02894241  2.4084338
 446  446.  1594.85308  1191.81388  10.159601  2.02858611  2.40798629
 447  447.  1597.2212  1193.20345  10.155601  2.02822957  2.4075381
 448  448.  1599.59994  1194.60184  10.151701  2.02787278  2.40708925
 449  449.  1601.9913  1196.01079  10.147701  2.02751575  2.40663975
 450  450.  1604.39748  1197.43221  10.143701  2.02715848  2.4061896
