  .645118054  1.E-06  .000101
  .645096492  1.30464076E-06  .050101
  .645067973  3.42974141E-06  .100101
  .64502048  9.19198038E-06  .150101
  .644954001  2.04078132E-05  .200101
  .644868529  3.88933609E-05  .250101
  .644764052  6.64642977E-05  .300101
  .64464056  .000104935738  .350101
  .644498039  .000156122124  .400101
  .644336473  .00022183711  .450101
  .644155844  .000303893446  .500101
  .643956134  .000404102863  .550101
  .643737319  .000524275954  .600101
  .643499376  .000666222054  .650101
  .64324228  .000831749118  .700101
  .642966001  .0010226636  .750101
  .642670511  .00124077032  .800101
  .642355777  .00148787234  .850101
  .642021765  .00176577086  .900101
  .641668438  .00207626504  .950101
  .64129576  .00242115187  1.000101
  .640903689  .00280222609  1.050101
  .640492183  .00322127998  1.100101
  .640061198  .00368010325  1.150101
  .639610688  .00418048288  1.200101
  .639140605  .00472420298  1.250101
  .638650899  .00531304463  1.300101
  .638141518  .00594878571  1.350101
  .637612406  .00663320077  1.400101
  .63706351  .00736806081  1.450101
  .636494769  .00815513317  1.500101
  .635906125  .0089961813  1.550101
  .635297516  .0098929646  1.600101
  .634668878  .0108472383  1.650101
  .634020144  .011860753  1.700101
  .633351248  .012935255  1.750101
  .632662119  .0140724855  1.800101
  .631952687  .0152741808  1.850101
  .631222877  .0165420719  1.900101
  .630472616  .0178778843  1.950101
  .629701824  .019283338  2.000101
  .628910424  .0207601468  2.050101
  .628098334  .0223100185  2.100101
  .627265472  .0239346545  2.150101
  .626411752  .0256357494  2.200101
  .625537089  .0274149909  2.250101
  .624641393  .0292740595  2.300101
  .623724576  .0312146284  2.350101
  .622786543  .0332383628  2.400101
  .621827202  .0353469199  2.450101
  .620846456  .0375419485  2.500101
  .619844208  .0398250888  2.550101
  .618820359  .0421979719  2.600101
  .617774806  .0446622196  2.650101
  .616707447  .047219444  2.700101
  .615618176  .0498712472  2.750101
  .614506887  .0526192209  2.800101
  .613373471  .0554649458  2.850101
  .612217817  .0584099919  2.900101
  .611039814  .0614559172  2.950101
  .609839346  .0646042678  3.000101
  .608616299  .0678565777  3.050101
  .607370554  .0712143678  3.100101
  .606101993  .0746791457  3.150101
  .604810493  .0782524054  3.200101
  .603495933  .0819356267  3.250101
  .602158187  .0857302745  3.300101
  .600797131  .0896377989  3.350101
  .599412636  .0936596339  3.400101
  .598004572  .0977971973  3.450101
  .596572811  .10205189  3.500101
  .595117219  .106425097  3.550101
  .593637664  .110918182  3.600101
  .59213401  .115532495  3.650101
  .590606123  .120269362  3.700101
  .589053865  .125130092  3.750101
  .5874771  .130115973  3.800101
  .585875689  .135228273  3.850101
  .584249493  .140468236  3.900101
  .582598374  .145837086  3.950101
  .580922191  .151336023  4.000101
  .579220807  .156966222  4.050101
  .577494082  .162728835  4.100101
  .575741877  .168624988  4.150101
  .573964056  .174655781  4.200101
  .572160483  .180822288  4.250101
  .570331022  .187125554  4.300101
  .568475542  .193566597  4.350101
  .566593913  .200146403  4.400101
  .564686008  .206865932  4.450101
  .562751704  .21372611  4.500101
  .560790881  .220727832  4.550101
  .558803425  .22787196  4.600101
  .556789226  .235159324  4.650101
  .554748183  .242590717  4.700101
  .552680199  .2501669  4.750101
  .550585186  .257888596  4.800101
  .548463065  .26575649  4.850101
  .546313766  .273771231  4.900101
  .544137231  .281933428  4.950101
  .541933411  .290243652  5.000101
  .539702274  .298702433  5.050101
  .5374438  .307310258  5.100101
  .535157984  .316067576  5.150101
  .53284484  .324974788  5.200101
  .530504399  .334032257  5.250101
  .528136712  .343240298  5.300101
  .525741854  .352599183  5.350101
  .523319919  .362109138  5.400101
  .520871031  .371770345  5.450101
  .518395338  .381582937  5.500101
  .515893016  .391547003  5.550101
  .513364274  .401662582  5.600101
  .510809354  .411929669  5.650101
  .50822853  .422348211  5.700101
  .505622117  .432918105  5.750101
  .502990466  .443639206  5.800101
  .500333969  .454511316  5.850101
  .497653066  .465534197  5.900101
  .494948238  .476707559  5.950101
  .492220016  .488031072  6.000101
  .489468982  .499504357  6.050101
  .486695771  .511126995  6.100101
  .483901071  .522898523  6.150101
  .481085629  .534818439  6.200101
  .47825025  .546886199  6.250101
  .475395803  .559101224  6.300101
  .472523218  .5714629  6.350101
  .469633492  .583970578  6.400101
  .46672769  .596623583  6.450101
  .463806945  .609421208  6.500101
  .460872464  .622362724  6.550101
  .457925524  .635447381  6.600101
  .454967481  .648674412  6.650101
  .451999762  .662043037  6.700101
  .449023876  .675552468  6.750101
  .446041409  .689201911  6.800101
  .443054027  .702990576  6.850101
  .440063478  .716917677  6.900101
  .437071593  .73098244  6.950101
  .434080284  .745184113  7.000101
  .431091548  .759521964  7.050101
  .428107469  .773995296  7.100101
  .425130214  .788603449  7.150101
  .422162039  .803345812  7.200101
  .419205286  .818221826  7.250101
  .416262385  .833230997  7.300101
  .412827415  .848361789  7.350101
  .41011672  .863620727  7.400101
  .407454608  .879019508  7.450101
  .404827727  .894558988  7.500101
  .402222557  .91023954  7.550101
  .399626473  .926061037  7.600101
  .397028629  .94202287  7.650101
  .394420638  .958124011  7.700101
  .391797008  .974363094  7.750101
  .389155343  .990738523  7.800101
  .386496299  1.00724859  7.850101
  .383823318  1.02389162  7.900101
  .381142187  1.04066604  7.950101
  .378460445  1.05757054  8.000101
  .375786701  1.07460412  8.050101
  .373129903  1.09176613  8.100101
  .370498608  1.10905636  8.150101
  .367900302  1.12647496  8.200101
  .365340796  1.14402241  8.250101
  .362823736  1.1616995  8.300101
  .360350248  1.17950716  8.350101
  .357918726  1.19744637  8.400101
  .355524777  1.21551803  8.450101
  .353161326  1.23372279  8.500101
  .350818871  1.2520609  8.550101
  .348485874  1.27053209  8.600101
  .346149282  1.2891354  8.650101
  .343795146  1.30786913  8.700101
  .341409317  1.32673072  8.750101
  .338978167  1.34571672  8.800101
  .336489318  1.36482283  8.850101
  .333932321  1.38404387  8.900101
  .331299242  1.40337396  8.950101
  .328585129  1.42280659  9.000101
  .325788307  1.44233477  9.050101
  .322910495  1.46195129  9.100101
  .319956716  1.48164883  9.150101
  .316935023  1.50142024  9.200101
  .313856033  1.52125869  9.250101
  .310732316  1.54115788  9.300101
  .307577661  1.56111214  9.350101
  .304406278  1.58111657  9.400101
  .301231967  1.60116705  9.450101
  .298067307  1.62126027  9.500101
  .294922906  1.64139366  9.550101
  .291806746  1.66156525  9.600101
  .28872366  1.68177354  9.650101
  .285674952  1.70201724  9.700101
  .282658195  1.72229508  9.750101
  .279667206  1.7426055  9.800101
  .276692213  1.76294636  9.850101
  .273720222  1.78331468  9.900101
  .270735571  1.80370638  9.950101
  .267720664  1.82411599  10.000101
  .264656871  1.84453655  10.050101
  .261525547  1.86495943  10.100101
  .258309139  1.88537435  10.150101
  .2549923  1.90576939  10.200101
  .251562955  1.92613116  10.250101
  .248013227  1.94644506  10.300101
  .244340145  1.96669561  10.350101
  .240546064  1.98686683  10.400101
  .23663873  2.0069427  10.450101
  .232630975  2.02690768  10.500101
  .228540028  2.04674706  10.550101
  .224386477  2.06644746  10.600101
  .220192935  2.08599711  10.650101
  .215982485  2.10538602  10.700101
  .211776986  2.12460611  10.750101
  .20759533  2.14365106  10.800101
  .203451713  2.16251607  10.850101
  .199353992  2.18119744  10.900101
 