  .360098089  1.E-06  .000101
  .360082813  1.17004484E-06  .050101
  .360073404  2.35624009E-06  .100101
  .360057749  5.57264224E-06  .150101
  .360035843  1.18332171E-05  .200101
  .360007689  2.21517947E-05  .250101
  .359973288  3.7542024E-05  .300101
  .359932646  5.90173277E-05  .350101
  .359885767  8.75908577E-05  .400101
  .359832657  .00012427545  .450101
  .359773323  .000170083579  .500101
  .359707773  .000226027316  .550101
  .359636014  .00029311828  .600101
  .359558055  .000372367599  .650101
  .359473906  .000464785861  .700101
  .359383577  .000571383074  .750101
  .35928708  .000693168622  .800101
  .359184426  .000831151219  .850101
  .359075627  .000986338868  .900101
  .358960697  .00115973882  .950101
  .358839649  .00135235753  1.000101
  .358712497  .00156520061  1.050101
  .358579256  .0017992728  1.100101
  .358439941  .00205557792  1.150101
  .358294569  .00233511881  1.200101
  .358143154  .00263889733  1.250101
  .357985715  .00296791428  1.300101
  .357822267  .00332316939  1.350101
  .357652828  .00370566124  1.400101
  .357477415  .00411638728  1.450101
  .357296046  .00455634373  1.500101
  .357108738  .00502652557  1.550101
  .35691551  .00552792652  1.600101
  .356716378  .00606153895  1.650101
  .356511361  .00662835389  1.700101
  .356300475  .00722936094  1.750101
  .356083737  .0078655483  1.800101
  .355861165  .00853790266  1.850101
  .355632773  .0092474092  1.900101
  .355398576  .00999505154  1.950101
  .35515859  .0107818117  2.000101
  .354912827  .01160867  2.050101
  .3546613  .0124766052  2.100101
  .354404019  .0133865943  2.150101
  .354140995  .0143396123  2.200101
  .353872235  .0153366327  2.250101
  .353597746  .0163786269  2.300101
  .353317531  .0174665646  2.350101
  .353031593  .0186014132  2.400101
  .352739933  .0197841383  2.450101
  .352442546  .0210157035  2.500101
  .352139427  .0222970701  2.550101
  .351830568  .023629197  2.600101
  .351515958  .0250130413  2.650101
  .35119558  .0264495573  2.700101
  .350869417  .0279396971  2.750101
  .350537444  .0294844103  2.800101
  .350199636  .0310846437  2.850101
  .34985596  .0327413416  2.900101
  .349506381  .0344554455  2.950101
  .349150857  .036227894  3.000101
  .348789342  .0380596224  3.050101
  .348421784  .0399515633  3.100101
  .348048126  .0419046458  3.150101
  .347668304  .0439197956  3.200101
  .347282249  .0459979349  3.250101
  .346889885  .0481399821  3.300101
  .346491129  .0503468517  3.350101
  .346085892  .0526194544  3.400101
  .345674078  .0549586963  3.450101
  .345255583  .0573654793  3.500101
  .344830296  .0598407003  3.550101
  .3443981  .0623852517  3.600101
  .343958869  .0650000203  3.650101
  .34351247  .0676858879  3.700101
  .343058761  .0704437304  3.750101
  .342597597  .0732744177  3.800101
  .342128819  .0761788136  3.850101
  .341652266  .079157775  3.900101
  .341167768  .0822121522  3.950101
  .340675147  .0853427882  4.000101
  .340174219  .0885505182  4.050101
  .339664794  .0918361695  4.100101
  .339146676  .095200561  4.150101
  .338619662  .0986445031  4.200101
  .338083545  .102168797  4.250101
  .337538113  .105774233  4.300101
  .336983151  .109461593  4.350101
  .336418439  .113231649  4.400101
  .335843756  .11708516  4.450101
  .335258879  .121022875  4.500101
  .334663584  .12504553  4.550101
  .334057647  .129153851  4.600101
  .333440847  .133348549  4.650101
  .332812963  .137630323  4.700101
  .332173779  .141999858  4.750101
  .331523086  .146457826  4.800101
  .330860678  .151004883  4.850101
  .330186357  .155641671  4.900101
  .329499937  .160368817  4.950101
  .32880124  .165186932  5.000101
  .3280901  .170096612  5.050101
  .327366366  .175098435  5.100101
  .326629902  .180192964  5.150101
  .325880587  .185380746  5.200101
  .325118319  .190662308  5.250101
  .324343016  .196038164  5.300101
  .323554617  .201508809  5.350101
  .322753082  .207074719  5.400101
  .321938397  .212736357  5.450101
  .321110571  .218494165  5.500101
  .32026964  .22434857  5.550101
  .319415666  .230299983  5.600101
  .31854874  .236348796  5.650101
  .317668981  .242495387  5.700101
  .316776536  .248740118  5.750101
  .315871583  .255083333  5.800101
  .314954329  .261525366  5.850101
  .314025008  .268066531  5.900101
  .313083885  .274707132  5.950101
  .312131253  .28144746  6.000101
  .311167432  .288287791  6.050101
  .310192767  .295228393  6.100101
  .309207629  .302269519  6.150101
  .308212411  .309411415  6.200101
  .307207528  .316654317  6.250101
  .30619341  .323998452  6.300101
  .305170507  .33144404  6.350101
  .304139277  .338991294  6.400101
  .303100192  .346640421  6.450101
  .302053727  .354391623  6.500101
  .301000359  .362245096  6.550101
  .299940563  .370201034  6.600101
  .298874809  .378259627  6.650101
  .297803553  .386421059  6.700101
  .296727238  .394685515  6.750101
  .295646285  .403053175  6.800101
  .294561089  .411524215  6.850101
  .293472014  .42009881  6.900101
  .292379387  .42877713  6.950101
  .291283495  .437559341  7.000101
  .290184576  .446445604  7.050101
  .289082818  .455436072  7.100101
  .287978349  .464530892  7.150101
  .286871237  .4737302  7.200101
  .285761482  .48303412  7.250101
  .284649012  .492442762  7.300101
  .283533679  .50195622  7.350101
  .282415257  .511574567  7.400101
  .281293436  .521297853  7.450101
  .28016782  .531126101  7.500101
  .279037927  .541059302  7.550101
  .277903186  .551097414  7.600101
  .276762934  .561240353  7.650101
  .275616421  .571487991  7.700101
  .274462809  .581840149  7.750101
  .273301173  .592296592  7.800101
  .272130505  .602857027  7.850101
  .270949721  .613521091  7.900101
  .269757662  .62428835  7.950101
  .268553105  .635158291  8.000101
  .267334769  .646130316  8.050101
  .266101326  .657203739  8.100101
  .26485141  .668377778  8.150101
  .263583631  .67965155  8.200101
  .262296587  .691024066  8.250101
  .260988879  .702494229  8.300101
  .259659129  .714060828  8.350101
  .258305993  .725722535  8.400101
  .256928179  .737477904  8.450101
  .255524469  .749325369  8.500101
  .254093731  .761263243  8.550101
  .252634945  .77328972  8.600101
  .251147215  .785402874  8.650101
  .249629789  .797600668  8.700101
  .248082077  .809880949  8.750101
  .246503666  .822241463  8.800101
  .244894333  .834679854  8.850101
  .243254059  .847193679  8.900101
  .241583037  .859780411  8.950101
  .239881681  .872437454  9.000101
  .238150629  .885162152  9.050101
  .236390743  .897951801  9.100101
  .234603106  .910803666  9.150101
  .232789019  .923714989  9.200101
  .230949985  .936683008  9.250101
  .229087699  .949704968  9.300101
  .227204026  .962778139  9.350101
  .225300983  .975899823  9.400101
  .223380706  .989067373  9.450101
  .221445427  1.0022782  9.500101
  .219497436  1.01552979  9.550101
  .217539045  1.02881971  9.600101
  .215572549  1.04214561  9.650101
  .213600185  1.05550521  9.700101
  .211624084  1.06889637  9.750101
  .209646229  1.08231699  9.800101
  .207668404  1.09576509  9.850101
  .205692144  1.10923874  9.900101
  .203718692  1.1227361  9.950101
  .201748938  1.13625534  10.000101
 
