  .643410027  1.E-06  .000101
  .643369278  1.30382584E-06  .050101
  .64332911  3.42321513E-06  .100101
  .643262237  9.16982726E-06  .150101
  .643168648  2.03548344E-05  .200101
  .643048346  3.87886778E-05  .250101
  .642901334  6.62808242E-05  .300101
  .642727617  .000104639521  .350101
  .642527204  .000155671554  .400101
  .642300102  .000221181997  .450101
  .642046321  .000302973973  .500101
  .641765871  .000402848404  .550101
  .641458765  .000522603762  .600101
  .641125015  .000664035826  .650101
  .640764634  .00082893743  .700101
  .640377639  .00101909821  .750101
  .639964045  .00123630437  .800101
  .639523869  .0014823384  .850101
  .639057129  .00175897885  .900101
  .638563844  .00206800005  .950101
  .638044034  .00241117189  1.000101
  .63749772  .00279025952  1.050101
  .636924924  .00320702313  1.100101
  .636325669  .00366321765  1.150101
  .635699979  .00416059251  1.200101
  .635047877  .00470089138  1.250101
  .63436939  .00528585189  1.300101
  .633664544  .00591720536  1.350101
  .632933366  .00659667652  1.400101
  .632175882  .00732598328  1.450101
  .631392123  .00810683639  1.500101
  .630582116  .0089409392  1.550101
  .629745892  .00982998737  1.600101
  .62888348  .0107756686  1.650101
  .627994913  .0117796623  1.700101
  .62708022  .0128436393  1.750101
  .626139433  .0139692616  1.800101
  .625172586  .0151581821  1.850101
  .624179709  .0164120442  1.900101
  .623160837  .0177324815  1.950101
  .622116003  .0191211176  2.000101
  .621045238  .0205795657  2.050101
  .619948578  .0221094282  2.100101
  .618826056  .0237122967  2.150101
  .617677705  .0253897512  2.200101
  .616503559  .0271433602  2.250101
  .615303652  .02897468  2.300101
  .614078017  .0308852546  2.350101
  .612826688  .0328766154  2.400101
  .611549698  .0349502806  2.450101
  .610247079  .037107755  2.500101
  .608918865  .0393505295  2.550101
  .607565088  .0416800811  2.600101
  .60618578  .0440978719  2.650101
  .604780973  .0466053493  2.700101
  .603350699  .0492039454  2.750101
  .601894988  .0518950765  2.800101
  .600413871  .0546801426  2.850101
  .598907378  .0575605273  2.900101
  .59737554  .0605375974  2.950101
  .595818386  .063612702  3.000101
  .594235945  .0667871726  3.050101
  .592628247  .0700623222  3.100101
  .59099532  .0734394453  3.150101
  .589337193  .0769198171  3.200101
  .587653896  .080504693  3.250101
  .585945457  .0841953085  3.300101
  .584211906  .0879928785  3.350101
  .582453273  .0918985966  3.400101
  .580669588  .0959136348  3.450101
  .578860883  .100039143  3.500101
  .577027192  .104276249  3.550101
  .575168547  .108626057  3.600101
  .573284985  .113089647  3.650101
  .571376544  .117668076  3.700101
  .569443264  .122362375  3.750101
  .567485189  .127173551  3.800101
  .565502365  .132102584  3.850101
  .563494844  .13715043  3.900101
  .56146268  .142318014  3.950101
  .559405934  .147606237  4.000101
  .557324669  .153015972  4.050101
  .55521896  .158548061  4.100101
  .553088884  .16420332  4.150101
  .550934527  .169982532  4.200101
  .548755986  .175886454  4.250101
  .546553364  .181915809  4.300101
  .544326776  .188071291  4.350101
  .542076348  .194353562  4.400101
  .539802218  .200763251  4.450101
  .537504538  .207300955  4.500101
  .535183475  .213967239  4.550101
  .532839208  .220762635  4.600101
  .530471938  .22768764  4.650101
  .528081879  .234742718  4.700101
  .525669267  .241928299  4.750101
  .523234358  .249244778  4.800101
  .52077743  .256692516  4.850101
  .518298784  .264271839  4.900101
  .515798745  .271983039  4.950101
  .513277664  .279826371  5.000101
  .510735921  .287802058  5.050101
  .508173924  .295910287  5.100101
  .505592109  .304151212  5.150101
  .502990948  .31252495  5.200101
  .500370943  .321031586  5.250101
  .497732632  .329671174  5.300101
  .495076589  .338443731  5.350101
  .492403424  .347349246  5.400101
  .489713786  .356387673  5.450101
  .487008367  .36555894  5.500101
  .484287897  .374862941  5.550101
  .48155315  .384299546  5.600101
  .478804943  .393868596  5.650101
  .476044137  .403569906  5.700101
  .473271642  .41340327  5.750101
  .470488411  .423368458  5.800101
  .467695446  .433465218  5.850101
  .464893797  .443693284  5.900101
  .462084565  .45405237  5.950101
  .459268897  .46454218  6.000101
  .456447993  .475162403  6.050101
  .453623101  .485912723  6.100101
  .450795521  .496792817  6.150101
  .447966605  .50780236  6.200101
  .445137752  .518941028  6.250101
  .442310417  .530208501  6.300101
  .439486101  .541604466  6.350101
  .436666358  .553128625  6.400101
  .433852792  .564780692  6.450101
  .431047057  .576560405  6.500101
  .428250857  .588467523  6.550101
  .425465944  .600501838  6.600101
  .422694118  .612663172  6.650101
  .419937231  .62495139  6.700101
  .417197178  .6373664  6.750101
  .413901016  .649905159  6.800101
  .41136715  .662558496  6.850101
  .408885215  .675344066  6.900101
  .406444844  .688262948  6.950101
  .404035212  .701315919  7.000101
  .401645797  .714503441  7.050101
  .399267038  .727825653  7.100101
  .396890859  .741282392  7.150101
  .394511047  .754873232  7.200101
  .392123484  .768597539  7.250101
  .389726225  .782454531  7.300101
  .387319438  .796443349  7.350101
  .384905225  .810563131  7.400101
  .382487341  .824813081  7.450101
  .380070831  .839192526  7.500101
  .377661622  .853700975  7.550101
  .375266085  .868338153  7.600101
  .372890596  .88310403  7.650101
  .370541121  .897998822  7.700101
  .368222837  .913022989  7.750101
  .365939805  .928177208  7.800101
  .363694716  .943462332  7.850101
  .361488705  .958879339  7.900101
  .359321239  .974429269  7.950101
  .357190093  .99011315  8.000101
  .355091395  1.00593192  8.050101
  .353019742  1.02188636  8.100101
  .35096839  1.03797699  8.150101
  .34892949  1.05420403  8.200101
  .346894384  1.0705673  8.250101
  .344853925  1.08706619  8.300101
  .342798829  1.10369962  8.350101
  .340720033  1.120466  8.400101
  .338609047  1.13736322  8.450101
  .336458283  1.15438868  8.500101
  .334261359  1.17153931  8.550101
  .332013346  1.1888116  8.600101
  .329710958  1.20620169  8.650101
  .327352678  1.22370542  8.700101
  .324938806  1.24131843  8.750101
  .322471431  1.25903627  8.800101
  .319954333  1.27685445  8.850101
  .317392807  1.29476859  8.900101
  .314793433  1.3127745  8.950101
  .312163786  1.33086822  9.000101
  .309512122  1.34904614  9.050101
  .306847022  1.36730505  9.100101
  .304177043  1.38564213  9.150101
  .301510366  1.40405504  9.200101
  .298854461  1.42254183  9.250101
  .296215787  1.44110099  9.300101
  .293599531  1.45973133  9.350101
  .291009387  1.47843197  9.400101
  .288447402  1.49720222  9.450101
  .285913872  1.5160415  9.500101
  .283407298  1.53494921  9.550101
  .280924412  1.55392461  9.600101
  .278460258  1.57296671  9.650101
  .276008341  1.59207411  9.700101
  .273560827  1.61124493  9.750101
  .271108803  1.63047665  9.800101
  .268642582  1.64976604  9.850101
  .266152052  1.66910907  9.900101
  .263627051  1.68850086  9.950101
  .261057762  1.70793565  10.000101
  .258435114  1.72740681  10.050101
  .255751168  1.74690685  10.100101
  .252999473  1.76642751  10.150101
  .250175377  1.78595984  10.200101
  .247276275  1.80549435  10.250101
  .244301772  1.82502114  10.300101
  .241253762  1.84453008  10.350101
  .238136401  1.86401101  10.400101
  .234955982  1.8834539  10.450101
  .231720707  1.90284909  10.500101
  .22844037  1.92218741  10.550101
  .225125954  1.94146036  10.600101
  .221789168  1.96066025  10.650101
  .218441934  1.97978025  10.700101
  .21509585  1.99881447  10.750101
  .211761637  2.01775793  10.800101
  .2084486  2.03660651  10.850101
  .205164114  2.05535686  10.900101
  .201913135  2.07400619  10.950101
  .198697766  2.09255211  11.000101
 