  .571427218  1.E-06  .000101
  .571383136  1.26983043E-06  .050101
  .571353039  3.1520867E-06  .100101
  .57130295  8.25576663E-06  .150101
  .57123285  1.81895136E-05  .200101
  .571142737  3.45614393E-05  .250101
  .571032608  5.89789464E-05  .300101
  .570902461  9.30485502E-05  .350101
  .570752295  .000138375701  .400101
  .570582109  .000196564604  .450101
  .570391901  .000269218042  .500101
  .570181669  .000357937193  .550101
  .569951412  .00046432145  .600101
  .569701126  .000589968237  .650101
  .569430811  .000736472832  .700101
  .569140463  .000905428176  .750101
  .56883008  .00109842469  .800101
  .568499658  .00131705009  .850101
  .568149196  .00156288921  .900101
  .567778689  .00183752377  .950101
  .567388134  .00214253225  1.000101
  .566977529  .00247948965  1.050101
  .566546868  .00284996729  1.100101
  .566096149  .00325553268  1.150101
  .565625367  .00369774922  1.200101
  .565134518  .00417817608  1.250101
  .564623598  .00469836799  1.300101
  .564092601  .00525987499  1.350101
  .563541525  .00586424226  1.400101
  .562970362  .00651300991  1.450101
  .56237911  .00720771273  1.500101
  .561767763  .00794988005  1.550101
  .561136315  .00874103544  1.600101
  .560484762  .00958269655  1.650101
  .559813098  .0104763748  1.700101
  .559121318  .0114235754  1.750101
  .558409417  .0124257968  1.800101
  .557677389  .0134845304  1.850101
  .55692523  .014601261  1.900101
  .556152934  .0157774657  1.950101
  .555360496  .0170146141  2.000101
  .554547911  .0183141681  2.050101
  .553715174  .0196775814  2.100101
  .552862282  .0211062994  2.150101
  .551989228  .0226017591  2.200101
  .55109601  .0241653884  2.250101
  .550182625  .0257986063  2.300101
  .549249068  .0275028225  2.350101
  .548295337  .0292794368  2.400101
  .54732143  .0311298393  2.450101
  .546327346  .0330554099  2.500101
  .545313084  .0350575179  2.550101
  .544278644  .0371375219  2.600101
  .543224028  .0392967696  2.650101
  .542149237  .0415365971  2.700101
  .541054275  .043858329  2.750101
  .539939145  .046263278  2.800101
  .538803855  .0487527444  2.850101
  .537648412  .0513280161  2.900101
  .536472825  .0539903681  2.950101
  .535277104  .056741062  3.000101
  .534061263  .0595813462  3.050101
  .532825317  .0625124551  3.100101
  .531569283  .0655356089  3.150101
  .530293182  .0686520135  3.200101
  .528997036  .0718628598  3.250101
  .527680872  .0751693237  3.300101
  .526344718  .0785725655  3.350101
  .524988607  .0820737299  3.400101
  .523612575  .0856739452  3.450101
  .522216662  .0893743234  3.500101
  .520800914  .0931759598  3.550101
  .519365379  .0970799322  3.600101
  .517910111  .101087301  3.650101
  .51643517  .10519911  3.700101
  .51494062  .109416382  3.750101
  .513426533  .113740125  3.800101
  .511892985  .118171326  3.850101
  .510340061  .122710952  3.900101
  .508767851  .127359954  3.950101
  .507176454  .13211926  4.000101
  .505565976  .13698978  4.050101
  .503936532  .141972403  4.100101
  .502288245  .147067998  4.150101
  .50062125  .152277412  4.200101
  .498935688  .157601473  4.250101
  .497231713  .163040986  4.300101
  .495509489  .168596735  4.350101
  .493769192  .174269483  4.400101
  .492011009  .18005997  4.450101
  .490235141  .185968917  4.500101
  .4884418  .191997019  4.550101
  .486631213  .198144951  4.600101
  .484803622  .204413366  4.650101
  .482959283  .210802893  4.700101
  .481098467  .217314142  4.750101
  .479221463  .223947696  4.800101
  .477328574  .230704121  4.850101
  .475420124  .237583956  4.900101
  .473496451  .244587722  4.950101
  .471557915  .251715916  5.000101
  .469604894  .258969015  5.050101
  .467637786  .266347472  5.100101
  .46565701  .273851723  5.150101
  .463663006  .281482181  5.200101
  .461656236  .289239239  5.250101
  .459637186  .297123271  5.300101
  .457606362  .305134632  5.350101
  .455564297  .31327366  5.400101
  .453511546  .321540672  5.450101
  .451448692  .329935972  5.500101
  .44937634  .338459845  5.550101
  .447295125  .347112564  5.600101
  .445205706  .355894386  5.650101
  .44310877  .364805555  5.700101
  .441005032  .373846305  5.750101
  .438895237  .383016859  5.800101
  .436780157  .392317431  5.850101
  .434660592  .401748227  5.900101
  .432537376  .411309449  5.950101
  .43041137  .421001294  6.000101
  .428283467  .430823956  6.050101
  .42615459  .440777631  6.100101
  .424025696  .450862514  6.150101
  .42189777  .461078807  6.200101
  .419771833  .471426717  6.250101
  .417648938  .481906459  6.300101
  .415530168  .492518262  6.350101
  .412902314  .503251959  6.400101
  .410932596  .514116791  6.450101
  .408987728  .525118166  6.500101
  .40706299  .536256922  6.550101
  .405153376  .54753378  6.600101
  .403253824  .558949324  6.650101
  .401359438  .570503999  6.700101
  .399465691  .582198107  6.750101
  .39756859  .594031809  6.800101
  .395664824  .606005138  6.850101
  .393751866  .618118011  6.900101
  .391828046  .630370251  6.950101
  .389892582  .642761606  7.000101
  .387945573  .655291779  7.050101
  .385987962  .667960451  7.100101
  .384021468  .68076731  7.150101
  .382048478  .69371208  7.200101
  .380071932  .706794541  7.250101
  .378095178  .720014558  7.300101
  .376121819  .733372093  7.350101
  .374155552  .746867225  7.400101
  .372200009  .760500153  7.450101
  .370258593  .774271205  7.500101
  .368334336  .78818083  7.550101
  .366429763  .802229594  7.600101
  .364546771  .81641816  7.650101
  .362686541  .830747274  7.700101
  .360849457  .84521773  7.750101
  .359035066  .859830347  7.800101
  .357242055  .874585933  7.850101
  .355468259  .889485245  7.900101
  .353710697  .90452895  7.950101
  .351965626  .919717587  8.000101
  .350228633  .935051526  8.050101
  .348494738  .950530928  8.100101
  .346758522  .966155715  8.150101
  .345014267  .981925531  8.200101
  .343256118  .997839724  8.250101
  .34147824  1.01389732  8.300101
  .339674988  1.03009702  8.350101
  .337841073  1.04643717  8.400101
  .33597172  1.06291582  8.450101
  .334062811  1.07953067  8.500101
  .33211102  1.09627913  8.550101
  .330113916  1.11315836  8.600101
  .328070047  1.13016527  8.650101
  .325978989  1.1472966  8.700101
  .323841372  1.16454894  8.750101
  .321658858  1.18191882  8.800101
  .319434102  1.19940274  8.850101
  .317170672  1.21699722  8.900101
  .314872932  1.23469888  8.950101
  .312545917  1.25250448  9.000101
  .310195159  1.27041098  9.050101
  .307826522  1.28841554  9.100101
  .305445999  1.3065156  9.150101
  .303059522  1.32470888  9.200101
  .300672759  1.34299336  9.250101
  .298290922  1.36136734  9.300101
  .295918583  1.37982936  9.350101
  .29355951  1.39837822  9.400101
  .291216518  1.4170129  9.450101
  .288891354  1.43573252  9.500101
  .286584602  1.45453629  9.550101
  .284295626  1.47342342  9.600101
  .282022549  1.49239303  9.650101
  .279762262  1.51144409  9.700101
  .277510477  1.5305753  9.750101
  .275261812  1.549785  9.800101
  .273009918  1.5690711  9.850101
  .270747641  1.58843097  9.900101
  .268467216  1.60786141  9.950101
  .266160488  1.6273585  10.000101
  .263819169  1.64691764  10.050101
  .261435099  1.66653346  10.100101
  .259000528  1.68619982  10.150101
  .256508399  1.70590984  10.200101
  .25395262  1.72565591  10.250101
  .251328319  1.74542975  10.300101
  .248632066  1.7652225  10.350101
  .245862062  1.78502483  10.400101
  .243018259  1.80482704  10.450101
  .240102438  1.82461924  10.500101
  .237118201  1.84439144  10.550101
  .234070901  1.8641338  10.600101
  .230967491  1.88383669  10.650101
  .227816298  1.90349092  10.700101
  .224626731  1.92308782  10.750101
  .221408929  1.94261942  10.800101
  .218173344  1.96207845  10.850101
  .214930304  1.98145846  10.900101
  .211689526  2.00075383  10.950101
  .20845963  2.01995969  11.000101
  .205247641  2.03907185  11.050101
  .202058504  2.05808669  11.100101
  .198894615  2.07700094  11.150101
 