  .454751646  1.E-06  .000101
  .454709246  1.21473238E-06  .050101
  .454679473  2.71262209E-06  .100101
  .454629926  6.77400343E-06  .150101
  .454560598  1.4678739E-05  .200101
  .454471497  2.77059843E-05  .250101
  .454362634  4.71339525E-05  .300101
  .454234028  7.4239679E-05  .350101
  .454085698  .000110298787  .400101
  .453917669  .000156585253  .450101
  .453729967  .000214371173  .500101
  .453522624  .000284926527  .550101
  .453295672  .000369518949  .600101
  .453049148  .000469413493  .650101
  .452783095  .0005858724  .700101
  .452497555  .000720154868  .750101
  .452192576  .000873516822  .800101
  .451868209  .00104721069  .850101
  .45152451  .00124248515  .900101
  .451161536  .00146058495  .950101
  .450779351  .00170275063  1.000101
  .450378021  .00197021834  1.050101
  .449957615  .00226421957  1.100101
  .449518208  .002585981  1.150101
  .449059878  .0029367242  1.200101
  .448582707  .00331766545  1.250101
  .448086783  .00373001554  1.300101
  .447572197  .00417497953  1.350101
  .447039044  .00465375655  1.400101
  .446487424  .00516753958  1.450101
  .445917442  .00571751526  1.500101
  .445329209  .00630486366  1.550101
  .444722838  .00693075812  1.600101
  .444098449  .00759636502  1.650101
  .443456168  .00830284359  1.700101
  .442796124  .00905134574  1.750101
  .442118453  .00984301585  1.800101
  .441423297  .0106789906  1.850101
  .440710802  .0115603988  1.900101
  .43998112  .0124883613  1.950101
  .439234411  .0134639905  2.000101
  .43847084  .0144883906  2.050101
  .437690577  .0155626573  2.100101
  .436893801  .0166878775  2.150101
  .436080696  .0178651295  2.200101
  .435251452  .0190954823  2.250101
  .434406268  .0203799961  2.300101
  .433545348  .0217197217  2.350101
  .432668906  .0231157009  2.400101
  .431777162  .0245689657  2.450101
  .430870341  .0260805388  2.500101
  .429948681  .0276514334  2.550101
  .429012424  .0292826529  2.600101
  .428061822  .0309751909  2.650101
  .427097135  .0327300314  2.700101
  .42611863  .0345481485  2.750101
  .425126586  .0364305065  2.800101
  .424121289  .03837806  2.850101
  .423103033  .0403917534  2.900101
  .422072123  .0424725215  2.950101
  .421028873  .0446212894  3.000101
  .419973607  .0468389724  3.050101
  .418906659  .0491264758  3.100101
  .417828373  .0514846959  3.150101
  .416739101  .053914519  3.200101
  .41563921  .0564168222  3.250101
  .413951289  .058991137  3.300101
  .412895664  .0616374964  3.350101
  .411837666  .0643592488  3.400101
  .41077706  .0671573077  3.450101
  .409713518  .0700325781  3.500101
  .408646619  .0729859559  3.550101
  .407575863  .0760183264  3.600101
  .406500679  .0791305638  3.650101
  .405420434  .0823235297  3.700101
  .404334448  .0855980725  3.750101
  .403242006  .0889550259  3.800101
  .402142374  .0923952081  3.850101
  .401034813  .0959194211  3.900101
  .399918597  .0995284496  3.950101
  .398793026  .10322306  4.000101
  .397657443  .107004002  4.050101
  .396511254  .110872004  4.100101
  .395353936  .114827777  4.150101
  .394185055  .118872012  4.200101
  .393004281  .123005384  4.250101
  .391811392  .127228546  4.300101
  .390606293  .131542136  4.350101
  .389389014  .135946774  4.400101
  .388159724  .140443067  4.450101
  .386918725  .145031606  4.500101
  .385666459  .14971297  4.550101
  .384403501  .154487728  4.600101
  .383130557  .159356441  4.650101
  .381848453  .164319664  4.700101
  .380558125  .169377945  4.750101
  .379260609  .174531834  4.800101
  .37795702  .179781878  4.850101
  .376648539  .185128629  4.900101
  .375336391  .190572641  4.950101
  .374021825  .196114477  5.000101
  .372706091  .201754706  5.050101
  .371390416  .207493906  5.100101
  .370075982  .213332669  5.150101
  .368763902  .219271593  5.200101
  .367455194  .22531129  5.250101
  .366150761  .231452382  5.300101
  .364851368  .237695503  5.350101
  .363557621  .244041292  5.400101
  .362269951  .250490398  5.450101
  .360988597  .257043474  5.500101
  .35971359  .263701172  5.550101
  .358444749  .270464143  5.600101
  .357181666  .277333032  5.650101
  .355923709  .284308472  5.700101
  .354670019  .291391077  5.750101
  .353419512  .298581443  5.800101
  .352170893  .305880134  5.850101
  .350922661  .313287683  5.900101
  .349673129  .320804578  5.950101
  .348420441  .328431264  6.000101
  .3471626  .336168128  6.050101
  .345897489  .3440155  6.100101
  .344622907  .351973643  6.150101
  .343336596  .360042747  6.200101
  .342036282  .368222929  6.250101
  .340719711  .376514221  6.300101
  .339384684  .384916574  6.350101
  .3380291  .39342985  6.400101
  .336650993  .402053823  6.450101
  .335248569  .410788181  6.500101
  .333820245  .41963252  6.550101
  .33236468  .428586355  6.600101
  .330880803  .437649116  6.650101
  .329367843  .446820157  6.700101
  .327825347  .456098759  6.750101
  .326253198  .465484142  6.800101
  .324651618  .474975468  6.850101
  .323021178  .484571853  6.900101
  .321362788  .494272377  6.950101
  .319677692  .504076095  7.000101
  .317967442  .513982045  7.050101
  .316233883  .523989264  7.100101
  .314479113  .534096798  7.150101
  .312705454  .544303708  7.200101
  .310915404  .55460909  7.250101
  .309111598  .565012073  7.300101
  .307296752  .575511839  7.350101
  .305473612  .586107619  7.400101
  .303644905  .596798708  7.450101
  .30181328  .607584463  7.500101
  .299981255  .618464307  7.550101
  .298151166  .629437727  7.600101
  .296325114  .640504273  7.650101
  .294504923  .651663553  7.700101
  .292692093  .662915226  7.750101
  .290887764  .674258991  7.800101
  .289092685  .685694577  7.850101
  .287307187  .697221728  7.900101
  .285531165  .708840188  7.950101
  .283764068  .720549681  8.000101
  .282004891  .732349897  8.050101
  .280252187  .744240462  8.100101
  .278504075  .756220927  8.150101
  .276758262  .768290736  8.200101
  .275012076  .78044921  8.250101
  .273262505  .792695521  8.300101
  .271506241  .805028671  8.350101
  .26973974  .817447474  8.400101
  .267959282  .829950531  8.450101
  .266161041  .842536221  8.500101
  .264341161  .855202681  8.550101
  .262495834  .867947799  8.600101
  .260621384  .880769205  8.650101
  .258714351  .893664272  8.700101
  .256771573  .906630115  8.750101
  .254790265  .919663599  8.800101
  .2527681  .93276135  8.850101
  .25070327  .945919776  8.900101
  .248594552  .959135082  8.950101
  .246441352  .972403304  9.000101
  .244243738  .985720336  9.050101
  .242002462  .999081966  9.100101
  .239718963  1.01248391  9.150101
  .237395349  1.02592186  9.200101
  .235034368  1.03939153  9.250101
  .232639357  1.05288866  9.300101
  .230214177  1.06640911  9.350101
  .227763128  1.07994885  9.400101
  .225290857  1.09350405  9.450101
  .222802245  1.10707105  9.500101
  .220302295  1.12064642  9.550101
  .217795997  1.13422696  9.600101
  .215288206  1.14780974  9.650101
  .212783503  1.16139208  9.700101
  .21028606  1.17497152  9.750101
  .207799514  1.18854585  9.800101
  .20532683  1.20211306  9.850101
  .202870182  1.21567129  9.900101
  .200430839  1.22921882  9.950101
  
