 1  0.  0.  0.  0.  0.  .000101
 1
 2  0.  0.  0.  0.  0.  .050101
 2
 3  0.  0.  0.  0.  0.  .100101
 3
 4  0.  0.  0.  0.  0.  .150101
 4
 5  0.  0.  0.  0.  0.  .200101
 5
 6  0.  0.  0.  0.  0.  .250101
 6
 7  0.  0.  0.  0.  0.  .300101
 7
 8  0.  0.  0.  0.  0.  .350101
 8
 9  0.  0.  0.  0.  0.  .400101
 9
 10  0.  0.  0.  0.  0.  .450101
 10
 11  0.  0.  0.  0.  0.  .500101
 11
 12  0.  0.  0.  0.  0.  .550101
 12
 13  0.  0.  0.  0.  0.  .600101
 13
 14  0.  0.  0.  0.  0.  .650101
 14
 15  0.  0.  0.  0.  0.  .700101
 15
 16  0.  0.  0.  0.  0.  .750101
 16
 17  0.  0.  0.  0.  0.  .800101
 17
 18  0.  0.  0.  0.  0.  .850101
 18
 19  0.  0.  0.  0.  0.  .900101
 19
 20  0.  0.  0.  0.  0.  .950101
 20
 21  0.  0.  0.  0.  0.  1.000101
 21
 22  0.  0.  0.  0.  0.  1.050101
 22
 23  0.  0.  0.  0.  0.  1.100101
 23
 24  0.  0.  0.  0.  0.  1.150101
 24
 25  0.  0.  0.  0.  0.  1.200101
 25
 26  0.  0.  0.  0.  0.  1.250101
 26
 27  0.  0.  0.  0.  0.  1.300101
 27
 28  0.  0.  0.  0.  0.  1.350101
 28
 29  0.  0.  0.  0.  0.  1.400101
 29
 30  0.  0.  0.  0.  0.  1.450101
 30
 31  0.  0.  0.  0.  0.  1.500101
 31
 32  0.  0.  0.  0.  0.  1.550101
 32
 33  0.  0.  0.  0.  0.  1.600101
 33
 34  0.  0.  0.  0.  0.  1.650101
 34
 35  0.  0.  0.  0.  0.  1.700101
 35
 36  0.  0.  0.  0.  0.  1.750101
 36
 37  0.  0.  0.  0.  0.  1.800101
 37
 38  0.  0.  0.  0.  0.  1.850101
 38
 39  0.  0.  0.  0.  0.  1.900101
 39
 40  0.  0.  0.  0.  0.  1.950101
 40
 41  0.  0.  0.  0.  0.  2.000101
 41
 42  0.  0.  0.  0.  0.  2.050101
 42
 43  0.  0.  0.  0.  0.  2.100101
 43
 44  0.  0.  0.  0.  0.  2.150101
 44
 45  0.  0.  0.  0.  0.  2.200101
 45
 46  0.  0.  0.  0.  0.  2.250101
 46
 47  0.  0.  0.  0.  0.  2.300101
 47
 48  0.  0.  0.  0.  0.  2.350101
 48
 49  0.  0.  0.  0.  0.  2.400101
 49
 50  0.  0.  0.  0.  0.  2.450101
 50
 51  0.  0.  0.  0.  0.  2.500101
 51
 52  0.  0.  0.  0.  0.  2.550101
 52
 53  0.  0.  0.  0.  0.  2.600101
 53
 54  0.  0.  0.  0.  0.  2.650101
 54
 55  0.  0.  0.  0.  0.  2.700101
 55
 56  0.  0.  0.  0.  0.  2.750101
 56
 57  0.  0.  0.  0.  0.  2.800101
 57
 58  0.  0.  0.  0.  0.  2.850101
 58
 59  0.  0.  0.  0.  0.  2.900101
 59
 60  0.  0.  0.  0.  0.  2.950101
 60
 61  0.  0.  0.  0.  0.  3.000101
 61
 62  0.  0.  0.  0.  0.  3.050101
 62
 63  0.  0.  0.  0.  0.  3.100101
 63
 64  0.  0.  0.  0.  0.  3.150101
 64
 65  0.  0.  0.  0.  0.  3.200101
 65
 66  0.  0.  0.  0.  0.  3.250101
 66
 67  0.  0.  0.  0.  0.  3.300101
 67
 68  0.  0.  0.  0.  0.  3.350101
 68
 69  0.  0.  0.  0.  0.  3.400101
 69
 70  0.  0.  0.  0.  0.  3.450101
 70
 71  0.  0.  0.  0.  0.  3.500101
 71
 72  0.  0.  0.  0.  0.  3.550101
 72
 73  0.  0.  0.  0.  0.  3.600101
 73
 74  0.  0.  0.  0.  0.  3.650101
 74
 75  0.  0.  0.  0.  0.  3.700101
 75
 76  0.  0.  0.  0.  0.  3.750101
 76
 77  0.  0.  0.  0.  0.  3.800101
 77
 78  0.  0.  0.  0.  0.  3.850101
 78
 79  0.  0.  0.  0.  0.  3.900101
 79
 80  0.  0.  0.  0.  0.  3.950101
 80
 81  0.  0.  0.  0.  0.  4.000101
 81
 82  0.  0.  0.  0.  0.  4.050101
 82
 83  0.  0.  0.  0.  0.  4.100101
 83
 84  0.  0.  0.  0.  0.  4.150101
 84
 85  0.  0.  0.  0.  0.  4.200101
 85
 86  0.  0.  0.  0.  0.  4.250101
 86
 87  0.  0.  0.  0.  0.  4.300101
 87
 88  0.  0.  0.  0.  0.  4.350101
 88
 89  0.  0.  0.  0.  0.  4.400101
 89
 90  0.  0.  0.  0.  0.  4.450101
 90
 91  0.  0.  0.  0.  0.  4.500101
 91
 92  0.  0.  0.  0.  0.  4.550101
 92
 93  0.  0.  0.  0.  0.  4.600101
 93
 94  0.  0.  0.  0.  0.  4.650101
 94
 95  0.  0.  0.  0.  0.  4.700101
 95
 96  0.  0.  0.  0.  0.  4.750101
 96
 97  0.  0.  0.  0.  0.  4.800101
 97
 98  0.  0.  0.  0.  0.  4.850101
 98
 99  0.  0.  0.  0.  0.  4.900101
 99
 100  0.  0.  0.  0.  0.  4.950101
 100
 101  0.  0.  0.  0.  0.  5.000101
 101
 102  0.  0.  0.  0.  0.  5.050101
 102
 103  0.  0.  0.  0.  0.  5.100101
 103
 104  0.  0.  0.  0.  0.  5.150101
 104
 105  0.  0.  0.  0.  0.  5.200101
 105
 106  0.  0.  0.  0.  0.  5.250101
 106
 107  0.  0.  0.  0.  0.  5.300101
 107
 108  0.  0.  0.  0.  0.  5.350101
 108
 109  0.  0.  0.  0.  0.  5.400101
 109
 110  0.  0.  0.  0.  0.  5.450101
 110
 111  0.  0.  0.  0.  0.  5.500101
 111
 112  0.  0.  0.  0.  0.  5.550101
 112
 113  0.  0.  0.  0.  0.  5.600101
 113
 114  0.  0.  0.  0.  0.  5.650101
 114
 115  0.  0.  0.  0.  0.  5.700101
 115
 116  0.  0.  0.  0.  0.  5.750101
 116
 117  0.  0.  0.  0.  0.  5.800101
 117
 118  0.  0.  0.  0.  0.  5.850101
 118
 119  0.  0.  0.  0.  0.  5.900101
 119
 120  0.  0.  0.  0.  0.  5.950101
 120
 121  0.  0.  0.  0.  0.  6.000101
 121
 122  0.  0.  0.  0.  0.  6.050101
 122
 123  0.  0.  0.  0.  0.  6.100101
 123
 124  0.  0.  0.  0.  0.  6.150101
 124
 125  0.  0.  0.  0.  0.  6.200101
 125
 126  0.  0.  0.  0.  0.  6.250101
 126
 127  0.  0.  0.  0.  0.  6.300101
 127
 128  0.  0.  0.  0.  0.  6.350101
 128
 129  0.  0.  0.  0.  0.  6.400101
 129
 130  0.  0.  0.  0.  0.  6.450101
 130
 131  0.  0.  0.  0.  0.  6.500101
 131
 132  0.  0.  0.  0.  0.  6.550101
 132
 133  0.  0.  0.  0.  0.  6.600101
 133
 134  0.  0.  0.  0.  0.  6.650101
 134
 135  0.  0.  0.  0.  0.  6.700101
 135
 136  0.  0.  0.  0.  0.  6.750101
 136
 137  0.  0.  0.  0.  0.  6.800101
 137
 138  0.  0.  0.  0.  0.  6.850101
 138
 139  0.  0.  0.  0.  0.  6.900101
 139
 140  0.  0.  0.  0.  0.  6.950101
 140
 141  0.  0.  0.  0.  0.  7.000101
 141
 142  0.  0.  0.  0.  0.  7.050101
 142
 143  0.  0.  0.  0.  0.  7.100101
 143
 144  0.  0.  0.  0.  0.  7.150101
 144
 145  0.  0.  0.  0.  0.  7.200101
 145
 146  0.  0.  0.  0.  0.  7.250101
 146
 147  0.  0.  0.  0.  0.  7.300101
 147
 148  0.  0.  0.  0.  0.  7.350101
 148
 149  0.  0.  0.  0.  0.  7.400101
 149
 150  0.  0.  0.  0.  0.  7.450101
 150
 151  0.  0.  0.  0.  0.  7.500101
 151
 152  0.  0.  0.  0.  0.  7.550101
 152
 153  0.  0.  0.  0.  0.  7.600101
 153
 154  0.  0.  0.  0.  0.  7.650101
 154
 155  0.  0.  0.  0.  0.  7.700101
 155
 156  0.  0.  0.  0.  0.  7.750101
 156
 157  0.  0.  0.  0.  0.  7.800101
 157
 158  0.  0.  0.  0.  0.  7.850101
 158
 159  0.  0.  0.  0.  0.  7.900101
 159
 160  0.  0.  0.  0.  0.  7.950101
 160
 161  0.  0.  0.  0.  0.  8.000101
 161
 162  0.  0.  0.  0.  0.  8.050101
 162
 163  0.  0.  0.  0.  0.  8.100101
 163
 164  0.  0.  0.  0.  0.  8.150101
 164
 165  0.  0.  0.  0.  0.  8.200101
 165
 166  0.  0.  0.  0.  0.  8.250101
 166
 167  0.  0.  0.  0.  0.  8.300101
 167
 168  0.  0.  0.  0.  0.  8.350101
 168
 169  0.  0.  0.  0.  0.  8.400101
 169
 170  0.  0.  0.  0.  0.  8.450101
 170
 171  0.  0.  0.  0.  0.  8.500101
 171
 172  0.  0.  0.  0.  0.  8.550101
 172
 173  0.  0.  0.  0.  0.  8.600101
 173
 174  0.  0.  0.  0.  0.  8.650101
 174
 175  0.  0.  0.  0.  0.  8.700101
 175
 176  0.  0.  0.  0.  0.  8.750101
 176
 177  0.  0.  0.  0.  0.  8.800101
 177
 178  0.  0.  0.  0.  0.  8.850101
 178
 179  0.  0.  0.  0.  0.  8.900101
 179
 180  0.  0.  0.  0.  0.  8.950101
 180
 181  0.  0.  0.  0.  0.  9.000101
 181
 182  0.  0.  0.  0.  0.  9.050101
 182
 183  0.  0.  0.  0.  0.  9.100101
 183
 184  0.  0.  0.  0.  0.  9.150101
 184
 185  0.  0.  0.  0.  0.  9.200101
 185
 186  0.  0.  0.  0.  0.  9.250101
 186
 187  0.  0.  0.  0.  0.  9.300101
 187
 188  0.  0.  0.  0.  0.  9.350101
 188
 189  0.  0.  0.  0.  0.  9.400101
 189
 190  0.  0.  0.  0.  0.  9.450101
 190
 191  0.  0.  0.  0.  0.  9.500101
 191
 192  0.  0.  0.  0.  0.  9.550101
 192
 193  0.  0.  0.  0.  0.  9.600101
 193
 194  0.  0.  0.  0.  0.  9.650101
 194
 195  0.  0.  0.  0.  0.  9.700101
 195
 196  0.  0.  0.  0.  0.  9.750101
 196
 197  0.  0.  0.  0.  0.  9.800101
 197
