 1  .0960379832  .903962017  .064933493  .0311044902  0.  .000101
 2  .095978765  .904021235  .0649010856  .0310776794  0.  .050101
 3  .095981104  .904018896  .0649026954  .0310784086  0.  .100101
 4  .0959770451  .904022955  .0649009127  .0310761323  0.  .150101
 5  .0959719472  .904028053  .0648987448  .0310732024  0.  .200101
 6  .0959653822  .904034618  .0648959516  .0310694306  0.  .250101
 7  .0959573824  .904042618  .0648925513  .031064831  0.  .300101
 8  .0959479431  .904052057  .0648885418  .0310594013  0.  .350101
 9  .0959370627  .904062937  .0648839222  .0310531405  0.  .400101
 10  .095924739  .904075261  .0648786917  .0310460473  0.  .450101
 11  .0959109691  .904089031  .064872849  .0310381201  0.  .500101
 12  .0958957501  .90410425  .0648663928  .0310293573  0.  .550101
 13  .095879079  .904120921  .0648593219  .031019757  0.  .600101
 14  .0958609518  .904139048  .0648516346  .0310093172  0.  .650101
 15  .0958413652  .904158635  .0648433294  .0309980358  0.  .700101
 16  .0958203146  .904179685  .0648344044  .0309859103  0.  .750101
 17  .0957977956  .904202204  .0648248576  .0309729381  0.  .800101
 18  .0957738035  .904226196  .064814687  .0309591165  0.  .850101
 19  .0957483329  .904251667  .0648038904  .0309444425  0.  .900101
 20  .095721379  .904278621  .0647924656  .0309289133  0.  .950101
 21  .0956929353  .904307065  .0647804099  .0309125253  0.  1.000101
 22  .0956629962  .904337004  .0647677209  .0308952753  0.  1.050101
 23  .0956315552  .904368445  .0647543958  .0308771595  0.  1.100101
 24  .095598606  .904401394  .0647404317  .0308581743  0.  1.150101
 25  .0955641409  .904435859  .0647258256  .0308383153  0.  1.200101
 26  .0955281535  .904471847  .0647105745  .030817579  0.  1.250101
 27  .0954906354  .904509365  .064694675  .0307959604  0.  1.300101
 28  .0954515794  .904548421  .0646781238  .0307734556  0.  1.350101
 29  .0954109767  .904589023  .0646609173  .0307500595  0.  1.400101
 30  .0953688194  .904631181  .0646430519  .0307257674  0.  1.450101
 31  .0953250984  .904674902  .0646245239  .0307005745  0.  1.500101
 32  .0952798049  .904720195  .0646053295  .0306744755  0.  1.550101
 33  .0952329292  .904767071  .0645854643  .0306474649  0.  1.600101
 34  .0951844624  .904815538  .0645649248  .0306195376  0.  1.650101
 35  .0951343937  .904865606  .0645437061  .0305906876  0.  1.700101
 36  .0950827137  .904917286  .0645218043  .0305609094  0.  1.750101
 37  .095029412  .904970588  .0644992149  .0305301972  0.  1.800101
 38  .0949744777  .905025522  .0644759331  .0304985445  0.  1.850101
 39  .0949179001  .9050821  .0644519545  .0304659456  0.  1.900101
 40  .0948596684  .905140332  .0644272743  .030432394  0.  1.950101
 41  .0947997712  .905200229  .0644018877  .0303978835  0.  2.000101
 42  .0947381968  .905261803  .0643757897  .0303624072  0.  2.050101
 43  .0946749342  .905325066  .0643489753  .0303259588  0.  2.100101
 44  .0946099712  .905390029  .0643214396  .0302885316  0.  2.150101
 45  .0945432962  .905456704  .0642931774  .0302501188  0.  2.200101
 46  .0944748971  .905525103  .0642641835  .0302107136  0.  2.250101
 47  .0944047618  .905595238  .0642344528  .030170309  0.  2.300101
 48  .0943328783  .905667122  .06420398  .0301288983  0.  2.350101
 49  .0942592343  .905740766  .06417276  .0300864744  0.  2.400101
 50  .0941838179  .905816182  .0641407874  .0300430305  0.  2.450101
 51  .0941066163  .905893384  .0641080569  .0299985594  0.  2.500101
 52  .0940276181  .905972382  .0640745635  .0299530546  0.  2.550101
 53  .0939468106  .906053189  .0640403017  .0299065089  0.  2.600101
 54  .0938641821  .906135818  .0640052665  .0298589156  0.  2.650101
 55  .0937797205  .90622028  .0639694527  .0298102678  0.  2.700101
 56  .0936934144  .906306586  .0639328554  .029760559  0.  2.750101
 57  .0936052524  .906394748  .0638954695  .0297097829  0.  2.800101
 58  .0935152228  .906484777  .0638572901  .0296579326  0.  2.850101
 59  .0934233148  .906576685  .0638183126  .0296050022  0.  2.900101
 60  .093329518  .906670482  .0637785323  .0295509857  0.  2.950101
 61  .0932338221  .906766178  .0637379448  .0294958773  0.  3.000101
 62  .0931362167  .906863783  .0636965456  .029439671  0.  3.050101
 63  .093036693  .906963307  .063654331  .029382362  0.  3.100101
 64  .0929352417  .907064758  .0636112968  .0293239449  0.  3.150101
 65  .0928318545  .907168145  .0635674394  .0292644151  0.  3.200101
 66  .0927265237  .907273476  .0635227555  .0292037681  0.  3.250101
 67  .0926192418  .907380758  .0634772419  .0291419999  0.  3.300101
 68  .0925100026  .907489997  .0634308957  .029079107  0.  3.350101
 69  .0923988001  .9076012  .0633837143  .0290150858  0.  3.400101
 70  .0922856295  .90771437  .0633356956  .0289499339  0.  3.450101
 71  .0921704865  .907829514  .0632868378  .0288836487  0.  3.500101
 72  .092053368  .907946632  .0632371393  .0288162287  0.  3.550101
 73  .0919342713  .908065729  .063186599  .0287476723  0.  3.600101
 74  .091813195  .908186805  .0631352162  .0286779788  0.  3.650101
 75  .0916901387  .908309861  .0630829906  .0286071481  0.  3.700101
 76  .091565103  .908434897  .0630299224  .0285351806  0.  3.750101
 77  .09143809  .90856191  .0629760124  .0284620776  0.  3.800101
 78  .0913091017  .908690898  .0629212614  .0283878403  0.  3.850101
 79  .0911781429  .908821857  .0628656713  .0283124716  0.  3.900101
 80  .0910452182  .908954782  .0628092441  .0282359741  0.  3.950101
 81  .0909103345  .909089665  .0627519825  .028158352  0.  4.000101
 82  .0907734985  .909226501  .0626938894  .0280796091  0.  4.050101
 83  .0906347201  .90936528  .0626349689  .0279997512  0.  4.100101
 84  .0904940092  .909505991  .0625752252  .027918784  0.  4.150101
 85  .0903513767  .909648623  .0625146628  .0278367139  0.  4.200101
 86  .0902068358  .909793164  .0624532873  .0277535485  0.  4.250101
 87  .0900604005  .909939599  .0623911046  .027669296  0.  4.300101
 88  .0899120863  .910087914  .0623281211  .0275839652  0.  4.350101
 89  .0897619094  .910238091  .0622643439  .0274975655  0.  4.400101
 90  .0896098878  .910390112  .0621997804  .0274101074  0.  4.450101
 91  .0894560404  .91054396  .0621344387  .0273216017  0.  4.500101
 92  .0893003881  .910699612  .0620683276  .0272320604  0.  4.550101
 93  .0891429512  .910857049  .0620014558  .0271414954  0.  4.600101
 94  .0889837533  .911016247  .0619338332  .02704992  0.  4.650101
 95  .088822817  .911177183  .0618654695  .0269573475  0.  4.700101
 96  .0886601672  .911339833  .0617963752  .026863792  0.  4.750101
 97  .0884958287  .911504171  .0617265608  .0267692679  0.  4.800101
 98  .0883298282  .911670172  .0616560378  .0266737904  0.  4.850101
 99  .0881621923  .911837808  .0615848174  .0265773749  0.  4.900101
 100  .0879929477  .912007052  .061512911  .0264800367  0.  4.950101
 101  .0878221225  .912177878  .0614403305  .026381792  0.  5.000101
 102  .0876497448  .912350255  .061367088  .0262826569  0.  5.050101
 103  .0874758424  .912524158  .0612931951  .0261826472  0.  5.100101
 104  .0873004435  .912699557  .0612186641  .0260817793  0.  5.150101
 105  .0871235759  .912876424  .0611435068  .0259800691  0.  5.200101
 106  .086945267  .913054733  .0610677348  .0258775323  0.  5.250101
 107  .0867655441  .913234456  .0609913597  .0257741844  0.  5.300101
 108  .0865844331  .913415567  .0609143927  .0256700404  0.  5.350101
 109  .0864019593  .913598041  .0608368446  .0255651148  0.  5.400101
 110  .0862181468  .913781853  .0607587255  .0254594212  0.  5.450101
 111  .0860330177  .913966982  .0606800452  .0253529725  0.  5.500101
 112  .0858465934  .914153407  .0606008126  .0252457808  0.  5.550101
 113  .0856588928  .914341107  .0605210358  .0251378569  0.  5.600101
 114  .0854699327  .914530067  .0604407222  .0250292105  0.  5.650101
 115  .0852797272  .914720273  .0603598777  .0249198495  0.  5.700101
 116  .0850882882  .914911712  .0602785076  .0248097807  0.  5.750101
 117  .0848956246  .915104375  .0601966155  .0246990091  0.  5.800101
 118  .0847017415  .915298259  .0601142039  .0245875376  0.  5.850101
 119  .0845066414  .915493359  .0600312738  .0244753676  0.  5.900101
 120  .0843103222  .915689678  .0599478245  .0243624977  0.  5.950101
 121  .0841127782  .915887222  .0598638535  .0242489247  0.  6.000101
 122  .0839139992  .916086001  .0597793567  .0241346425  0.  6.050101
 123  .0837139707  .916286029  .059694328  .0240196428  0.  6.100101
 124  .0835126731  .916487327  .059608759  .0239039141  0.  6.150101
 125  .0833100818  .916689918  .0595226396  .0237874422  0.  6.200101
 126  .0831061666  .916893833  .0594359568  .0236702098  0.  6.250101
 127  .0829008929  .917099107  .0593486962  .0235521968  0.  6.300101
 128  .0826942189  .917305781  .0592608399  .023433379  0.  6.350101
 129  .0824860978  .917513902  .0591723683  .0233137295  0.  6.400101
 130  .0822764767  .917723523  .0590832589  .0231932178  0.  6.450101
 131  .082065296  .917934704  .0589934866  .0230718094  0.  6.500101
 132  .0818524903  .91814751  .0589030236  .0229494668  0.  6.550101
 133  .0816379875  .918362013  .0588118393  .0228261482  0.  6.600101
 134  .0814217089  .918578291  .0587199006  .0227018083  0.  6.650101
 135  .08120357  .91879643  .0586271715  .0225763985  0.  6.700101
 136  .0809834788  .919016521  .0585336132  .0224498656  0.  6.750101
 137  .0807613381  .919238662  .0584391845  .0223221536  0.  6.800101
 138  .0805370431  .919462957  .058343841  .0221932022  0.  6.850101
 139  .0803104836  .919689516  .058247536  .0220629476  0.  6.900101
 140  .0800815437  .919918456  .0581502205  .0219313232  0.  6.950101
 141  .0798501011  .920149899  .0580518427  .0217982584  0.  7.000101
 142  .0796160283  .920383972  .0579523488  .0216636795  0.  7.050101
 143  .0793791932  .920620807  .0578516827  .0215275104  0.  7.100101
 144  .0791394579  .920860542  .0577497863  .0213896716  0.  7.150101
 145  .0788966818  .921103318  .0576466  .0212500817  0.  7.200101
 146  .0786507193  .921349281  .0575420624  .0211086569  0.  7.250101
 147  .0784014225  .921598577  .057436111  .0209653115  0.  7.300101
 148  .0781486409  .921851359  .0573286823  .0208199586  0.  7.350101
 149  .0778922222  .922107778  .057219712  .0206725102  0.  7.400101
 150  .0776320135  .922367986  .0571091357  .0205228779  0.  7.450101
 151  .0773678611  .922632139  .0569968886  .0203709725  0.  7.500101
 152  .0770996126  .922900387  .0568829066  .020216706  0.  7.550101
 153  .0768271169  .923172883  .0567671261  .0200599908  0.  7.600101
 154  .0765502267  .923449773  .0566494854  .0199007413  0.  7.650101
 155  .0762687973  .923731203  .0565299237  .0197388736  0.  7.700101
 156  .0759826889  .924017311  .0564083826  .0195743063  0.  7.750101
 157  .0756917688  .924308231  .0562848065  .0194069624  0.  7.800101
 158  .07539591  .92460409  .0561591424  .0192367676  0.  7.850101
 159  .0750949951  .924905005  .0560313417  .0190636535  0.  7.900101
 160  .0747889154  .925211085  .0559013592  .0188875562  0.  7.950101
 161  .0744775732  .925522427  .0557691546  .0187084186  0.  8.000101
 162  .0741608829  .925839117  .055634693  .01852619  0.  8.050101
 163  .073838772  .926161228  .0554979447  .0183408273  0.  8.100101
 164  .0735111816  .926488818  .0553588863  .0181522953  0.  8.150101
 165  .0731780688  .926821931  .055217501  .0179605678  0.  8.200101
 166  .0728394072  .927160593  .0550737791  .0177656281  0.  8.250101
 167  .0724951873  .927504813  .0549277182  .0175674691  0.  8.300101
 168  .0721454181  .927854582  .0547793237  .0173660944  0.  8.350101
 169  .0717901279  .928209872  .0546286093  .0171615186  0.  8.400101
 170  .0714293641  .928570636  .0544755969  .0169537672  0.  8.450101
 171  .071063195  .928936805  .054320317  .016742878  0.  8.500101
 172  .0706917092  .929308291  .0541628092  .0165289001  0.  8.550101
 173  .0703150159  .929684984  .0540031212  .0163118947  0.  8.600101
 174  .0699332455  .930066755  .0538413102  .0160919352  0.  8.650101
 175  .0695465491  .930453451  .0536774419  .0158691072  0.  8.700101
 176  .0691550983  .930844902  .0535115906  .0156435077  0.  8.750101
 177  .0687590839  .931240916  .0533438385  .0154152454  0.  8.800101
 178  .0683587163  .931641284  .0531742763  .01518444  0.  8.850101
 179  .0679542232  .932045777  .0530030017  .0149512215  0.  8.900101
 180  .0675458498  .93245415  .0528301196  .0147157303  0.  8.950101
 181  .0671338554  .932866145  .0526557405  .0144781149  0.  9.000101
 182  .0667185133  .933281487  .0524799811  .0142385322  0.  9.050101
 183  .0663001081  .933699892  .0523029621  .013997146  0.  9.100101
 184  .0658789331  .934121067  .0521248077  .0137541254  0.  9.150101
 185  .0654552884  .934544712  .0519456449  .0135096435  0.  9.200101
 186  .0650294778  .934970522  .0517656016  .0132638763  0.  9.250101
 187  .0646018071  .935398193  .0515848062  .0130170009  0.  9.300101
 188  .064172578  .935827422  .0514033851  .0127691929  0.  9.350101
 189  .0637420885  .936257911  .0512214626  .012520626  0.  9.400101
 190  .0633106267  .936689373  .0510391582  .0122714684  0.  9.450101
 191  .0628784687  .937121531  .0508565862  .0120218825  0.  9.500101
 192  .062445874  .937554126  .050673853  .011772021  0.  9.550101
 193  .0620130821  .937986918  .0504910561  .011522026  0.  9.600101
 194  .0615803079  .938419692  .0503082822  .0112720257  0.  9.650101
 195  .061147739  .938852261  .0501256056  .0110221333  0.  9.700101
 196  .060715531  .939284469  .0499430868  .0107724441  0.  9.750101
 197  .0602838028  .939716197  .0497607699  .0105230329  0.  9.800101
