 15.22750099869851 0.20845408906370044 1.7415892197673082 0.02023332395058274 0.028216337068276844 0.32196827295105357 0.9997246754946348 5547192.0365480045
 13.757600999040747 0.29357699886791894 1.447314587430842 0.03154022372755953 0.057945036718611946 0.4199101783568113 1.0329415042277912 1237659.3730862506
 13.285300999150714 0.3742587999917268 1.2100196905082043 0.04163763704925723 0.08161519891079072 0.5070136884506673 1.0598155902500823 434759.8282383319
 13.115500999190248 0.4513241571594962 1.024823973745611 0.050861498083741824 0.0993716923848216 0.5796428551391076 1.0785222701319395 194637.12821789607
 13.067200999201493 0.5241746665755017 0.8808941561759349 0.05928965306311055 0.11222604457347937 0.6382079774254164 1.0900613989170844 102119.30538739522
 13.070800999200655 0.5921405465315464 0.7689378616287965 0.06695885991207758 0.12122999675403508 0.6842286031849295 1.0958910980812475 60045.23961250095
 13.095400999194927 0.6549916075637879 0.6814558391302671 0.07392688152306895 0.12731862972098235 0.7196593444655763 1.0974086600541755 38440.476606009564
 13.12700099918757 0.7129607360435246 0.6125478105113428 0.08027596737176675 0.13125260699946806 0.7464862023126884 1.0957721999601355 26247.560196882947
 13.159100999180097 0.7665805832831105 0.5574371056986748 0.0861027549628889 0.13363960257644508 0.7666266784199177 1.091923059787605 18826.02708161794
 13.189500999173019 0.8165035653498989 0.512686889197428 0.0914987525719524 0.13490837601720637 0.7815767467529693 1.086509753683375 14023.996320029331
 13.217600999166477 0.8633698517618318 0.47570023719611737 0.09654497948257788 0.13537171259541664 0.7925455062219299 1.0800043627315723 10759.403412753687
 13.243300999160493 0.9077311224012102 0.44447359916160156 0.10130862682280861 0.13526200722264808 0.8005180146563823 1.0727643091218129 8449.916644808121
 13.267000999154973 0.9500177822907624 0.4176830672177372 0.10583868260671866 0.13473147840470773 0.8061594847665708 1.0650165392359 6763.253857562662
 13.289200999149806 0.9905351082128824 0.3944693580654124 0.11016825128153773 0.13388120727760203 0.8099127882244593 1.0569088224794223 5499.789678140034
 13.30980099914501 1.029477044483998 0.374002850366362 0.11432219589415811 0.1328061973338299 0.8122359235581919 1.0486032157658873 4533.92460308223
 13.329200999140491 1.0669496754934602 0.35599197061261506 0.11831103988107422 0.131549208530406 0.813295878963316 1.0401598726934191 3783.29862563624
 13.347200999136302 1.1029985957932134 0.3400131502209509 0.12214345817787614 0.13016395630220035 0.8133497121547246 1.0316774974505931 3191.893721779672
 13.363800999132437 1.1376357738505303 0.3258737170817032 0.1258226110372163 0.1286813301211867 0.8125272336935558 1.0232088427511294 2720.387782830969
 13.37890099912892 1.1708626367001627 0.3133919978028853 0.12935134840330995 0.12712890660665507 0.8109531633384764 1.0148027756109603 2340.4439837213795
 13.392500999125755 1.2026873117436094 0.30246457074531724 0.13273226170730065 0.1255248253625567 0.8087048630905455 1.0064870430248545 2031.2149924990015
 13.40450099912296 1.2331352790601682 0.29292566746522475 0.13597075975772205 0.12388918707935813 0.8058899833330376 0.9982944684035796 1777.1108686180196
 13.414900999120539 1.2622537892844246 0.28464567959725734 0.13907358952569143 0.12223589184730058 0.8025889917940128 0.9902425873494491 1566.3332464711796
 13.423900999118443 1.2901112362172094 0.2775897145127018 0.14204759007278261 0.12056893183657938 0.7988233627656031 0.9823240300700531 1389.8719944664808
 13.431400999116697 1.3167930374405077 0.2715259754204875 0.1449044287490165 0.1189049410396216 0.7947184875925173 0.9745629847033236 1240.7958928087799
 13.437500999115276 1.3423955327664248 0.26632329372602626 0.14765475644555398 0.11725093878359943 0.7903387001131864 0.9669605585521067 1113.750370897417
 13.442500999114113 1.3670192658280136 0.2619718982927129 0.15030727825494883 0.11560429232333012 0.7856795424347367 0.9594943795092953 1004.5756494901485
 13.446500999113182 1.3907625562470214 0.2583460250083483 0.15287242471960005 0.11397034739538141 0.7807991266156152 0.9521637122390836 910.0281843007655
 13.449500999112482 1.4137160098855717 0.255264812113077 0.15536080313307765 0.11235790059081785 0.7757844375858753 0.9449788743330204 827.5706283429697
 13.45170099911197 1.435958373807685 0.2526950099362047 0.15777932657489852 0.11076583553964668 0.7706441020994611 0.9379268376383887 755.2036465646668
 13.453300999111597 1.4575538242173012 0.2506237482153508 0.1601331309396736 0.10919259189768298 0.7653791729562512 0.9309955327377153 691.3467735334373
 13.454200999111388 1.4785508065717077 0.24887227110577753 0.16242908351916005 0.10764780776280754 0.7600793308216723 0.924204190600749 634.738675739707
 13.454600999111294 1.4989823025988767 0.24747931026044673 0.16466872969505592 0.1061278903794345 0.7547233909001654 0.9175395218360872 584.3628468105578
 13.454600999111294 1.5188673637485246 0.24644404313541324 0.16685317693885854 0.10463262578624977 0.7493139669626795 0.910998573765017 539.3907124704813
 13.45410099911141 1.5382136640913606 0.24565671975689823 0.1689847191343065 0.10316870200947784 0.7439102974586084 0.9045979278498146 499.13673797502423
 13.45320099911162 1.5570207154947096 0.24515454791780583 0.17106226287186074 0.10173430326105026 0.7384984225519872 0.8983325896489254 463.02569512487577
 13.451800999111947 1.5752833784990377 0.24485723860114775 0.1730867046503276 0.10033445370972925 0.7331231355810224 0.8922161968803591 430.56654624751417
 13.450000999112365 1.5929952379272132 0.24482407454427588 0.17505624714327003 0.09896617475162263 0.7277600435489159 0.8862411304643056 401.33538838678754
 13.447900999112855 1.6101515251755485 0.2451228543705574 0.17696920397083915 0.09762605489291805 0.7223808793684094 0.8803981644578494 374.9609092847976
 13.445200999113483 1.6267512683674015 0.2455478169141497 0.17882955992834307 0.09632497798254144 0.7170873391299467 0.8747164195495238 351.116404227718
 13.442200999114181 1.6427985590196317 0.24630011984030678 0.18063395089368084 0.09505172070660013 0.7117844423936078 0.8691645984068888 329.51244282165345
 13.438700999114998 1.65830287006891 0.24723508470430625 0.18238621638214056 0.09381292767049408 0.7065404503170094 0.86375939887445 309.8927105147792
 13.434900999115882 1.6732785293825698 0.2484797708253361 0.18408534715179836 0.09260097015481648 0.7012944090575934 0.8584781038148582 292.03047399959587
 13.430600999116884 1.6877435036270936 0.24987805561341295 0.18573615498712656 0.0914222415187257 0.6961160838315278 0.8533361649818231 275.7264011604766
 13.425900999117978 1.7017177402860344 0.2514791780041402 0.18733957852983255 0.09027272907538049 0.6909791630649178 0.8483203731769707 260.8060242613487
 13.420800999119164 1.7152213066536308 0.25325993473880115 0.18889792138334022 0.08915204734270651 0.685890750514025 0.8434275820429376 247.11787851739797
 13.415400999120422 1.7282726002764979 0.2552683020577617 0.19041187912300617 0.08805662366227185 0.6808264681979623 0.8386460314458736 234.53117283871245
 13.409600999121773 1.7408868583640118 0.2574093889105709 0.1918846101452024 0.08698974596663024 0.6758264816142238 0.8339834887848714 222.93388426939555
 13.403500999123192 1.753075190011342 0.25973267928953525 0.19331597552951946 0.08594829609396165 0.6708676404566459 0.8294303918243121 212.2302498647077
 13.397100999124683 1.7648442814240652 0.26222197832494526 0.19470675258593273 0.08493242668899426 0.665956919763704 0.8249867362781014 202.33788522252772
 13.390400999126243 1.7761724056108794 0.2648514526182785 0.1960545783602294 0.08394473329414091 0.6611139291301276 0.8206631074123897 193.2045062358555
 13.383400999127872 1.7870283724873286 0.26764825513706814 0.19735603440951663 0.08298543713910439 0.6563352506939215 0.8164634351003444 184.78153767917644
 13.376000999129596 1.7974587512866522 0.2705397847887611 0.19861776619766422 0.0820539936856982 0.6516383922669712 0.8123806511556279 176.97747666271044
 13.368400999131365 1.807477221782584 0.2736555562055627 0.19983834374537857 0.08114393093417784 0.6469662970725357 0.8083952772454903 169.73471505821493
 13.360400999133228 1.8170985000754365 0.2768328933918095 0.20102238880999818 0.08026080870851077 0.6423838901867511 0.8045217654369589 163.00094590129734
 13.352200999135137 1.8263373753738419 0.2802035794950132 0.20216855098488726 0.07939813390324497 0.6378334081411389 0.8007403775639761 156.7296069532769
 13.343700999137116 1.8352086472568965 0.28367660320365634 0.20327997465960695 0.07855848076074928 0.633349303913463 0.7970571679524566 150.87901059824227
 13.335000999139142 1.8437270184159888 0.2873111357013446 0.20435676556439283 0.07773843809553008 0.6289043822477377 0.7934611231102018 145.41173288662074
 13.326000999141238 1.8519069931879413 0.2910151413863291 0.20540205442130863 0.07694053741760502 0.6245326555975264 0.7899582719793541 140.2943046968559
 13.316800999143378 1.8597627988089427 0.2948478645202508 0.20641587705045622 0.07616146559707739 0.6202071648213423 0.7865379325424247 135.4966436717007
 13.30730099914559 1.8673083160127173 0.29871581703593103 0.20740131415873528 0.07540376225673488 0.6159618071978445 0.7832062896107083 130.99183830867423
 13.297700999147827 1.8745570408193932 0.3027562588965834 0.2083567379352002 0.07466135359954099 0.6117395540531813 0.779944747001901 126.75551179522837
 13.28780099915013 1.8815220376848576 0.306800830984377 0.20928670808303787 0.07393953834090393 0.6076031886122786 0.7767675083476304 122.76575553347578
 13.27780099915246 1.8882159171256787 0.3109871705375713 0.21018946840570885 0.07323242551298738 0.6034964508119964 0.7736565790750981 119.00286041409717
 13.267600999154835 1.8946508237130721 0.31522391079817264 0.21106792155056495 0.07254249212491777 0.5994518264982961 0.7706181344249224 115.44896518802382
 13.257300999157232 1.9008384189514829 0.31957403704060267 0.21192175276322103 0.07186672029695715 0.5954426971536526 0.7676425186899335 112.08793816737868
 13.246800999159678 1.906789888389347 0.32394680363474515 0.2127537780509461 0.07120753323191244 0.5915007628475888 0.7647358574173293 108.90511484666635
 13.236100999162169 1.9125159315456637 0.3283277480332994 0.21356517801963398 0.07056466465835597 0.5876285760737787 0.7618965731901192 105.88728493872074
 13.225300999164682 1.918026781369139 0.33278324963177974 0.21435546223461707 0.06993512180521573 0.5837987993298667 0.759115158016039 103.0223145857233
 13.214500999167198 1.9233322018942767 0.33738009263097246 0.21512406102481416 0.06931605091329009 0.5799848726877829 0.7563825416929792 100.29923355778541
 13.203500999169759 1.9284415035039717 0.3419497103870001 0.21587523331232222 0.06871249248897005 0.5762464719553023 0.7537126633361807 97.7080494868376
 13.192400999172344 1.9333635522003394 0.34655798150086947 0.21660832106790767 0.06812164757670933 0.5725572160569602 0.7510967342035106 95.23974049035151
 13.181200999174951 1.9381067989013894 0.35119749039616305 0.2173242429093157 0.06754315934131291 0.5689175156352243 0.7485329950300814 92.88578058838962
 13.169900999177582 1.9426792704781337 0.35585635930162246 0.21802387219301278 0.06697689046999543 0.5653296546400847 0.7460204719230695 90.63866046885772
 13.158600999180212 1.9470886038065407 0.36060475206753323 0.21870637862094933 0.06642010319782696 0.5617668913297702 0.7435505865218659 88.49139457221814
 13.147200999182868 1.9513420593158164 0.36535598863652563 0.21937420285696238 0.06587506924910576 0.5582580930586671 0.741129372868643 86.43747008492365
 13.135700999185545 1.9554465273420731 0.37010019025783747 0.2200280972317779 0.0653416289220433 0.5548048212559438 0.7387558685972284 84.47106749150201
 13.124100999188245 1.9594085549733438 0.3748289684928572 0.2206687774081091 0.06481957968239985 0.5514080733510417 0.7364289885786621 82.58677498336888
 13.112600999190922 1.9632343588282042 0.37969593620654857 0.22129354838262716 0.0643038022797432 0.5480132945370915 0.7341332721986847 80.77958752014294
 13.100900999193648 1.9669298403276083 0.3844537646443762 0.22190810113381923 0.06380144793254583 0.5447039434065354 0.7318891656521376 79.04483366404234
 13.089300999196348 1.970500593855078 0.38933524429682176 0.2225079682764491 0.0633051148326319 0.5413990446244724 0.7296746297021526 77.37839208039276
 13.077600999199072 1.973951940922244 0.3941751380859306 0.22309711024671464 0.06281939995481596 0.538153317124292 0.7275026566657145 75.77619604077628
 13.06580099920182 1.9772889219509426 0.3989658983133973 0.22367608194527072 0.06234415720802441 0.5349676187401238 0.7253724642127178 74.23466714171008
 13.054100999204543 1.9805163218692523 0.4038636720475517 0.22424197524312087 0.061874492025546096 0.5317885055662328 0.7232693606791157 72.75047548012098
 13.042300999207292 1.9836386859048902 0.40870184678160415 0.22479870418543085 0.06141496070447195 0.5286702042947286 0.7212063189494285 71.3204216068663
 13.03050099921004 1.9866603268543341 0.4135565213529014 0.22534501651402172 0.06096305391258652 0.5255861887820283 0.7191756600545273 69.9416163999962
 13.018700999212786 1.9895853333958615 0.41842225141784073 0.22588134809969923 0.060518667241483574 0.5225371927377078 0.7171767819509614 68.61139369013281
 13.006900999215533 1.9924175944351135 0.42329480052907936 0.22640811369383826 0.060081660825026056 0.519523520244155 0.7152089716533409 67.32722862699322
 12.995000999218304 1.995160800341432 0.4280886724487745 0.22692745322697838 0.059654158186130846 0.5165715693007576 0.7132781509214624 66.0867305244886
 12.98320099922105 1.9978184538327108 0.4329637632794977 0.2274362534427316 0.05923145825168977 0.513628812861011 0.7113702769578668 64.8877481569584
 12.9714009992238 2.0003938846427607 0.4378342154432333 0.2279366104285573 0.05881574071707711 0.5107220122156658 0.7094914853501206 63.72823390889061
 12.959600999226547 2.0028902556013954 0.4426960981714939 0.22842886184074082 0.05840689750739591 0.5078514713019082 0.7076412246366067 62.60629443025964
 12.947800999229294 2.0053105730498655 0.4475465444063898 0.22891332870273612 0.058004790504836076 0.505017132440716 0.705818846641861 61.5201237478854
 12.936000999232041 2.0076576963934674 0.45238235881679284 0.22939031642076416 0.057609303053882684 0.5022190845434674 0.7040237888353159 60.46804949408194
 12.924200999234788 2.009934343656344 0.45720066511943613 0.22986011534777703 0.05722031560055985 0.4994573272922864 0.7022554872936289 59.448498256326076
 12.912400999237535 2.012143100168702 0.4619985670425255 0.23032300170907102 0.05683771766889129 0.4967318924991532 0.7005134188055898 58.460000115416186
 12.900600999240284 2.014286427144105 0.4667734651173605 0.23077923852038615 0.05646139590179236 0.4940427298633807 0.6987970574608082 57.50116872332078
 12.888900999243008 2.0163666668534717 0.47160613519372624 0.23122728210376317 0.056089084113580594 0.4913644226031501 0.6970995865346523 56.57072143634259
 12.877100999245755 2.0183860549296617 0.4763284795367931 0.23167095442039604 0.05572497724782972 0.4887474565041543 0.695433091853849 55.66736973973667
 12.865400999248479 2.0203467109291204 0.48110401240841894 0.23210688900636156 0.055364702404035716 0.486141441712156 0.6937846314501478 54.790032438174954
 12.85380099925118 2.0222506634891024 0.48593121843171283 0.23253528782738284 0.05500818592849684 0.48354647618444885 0.6921538284739591 53.93761341107094
 12.842100999253903 2.0240998476404615 0.4906422630867495 0.2329599711706596 0.05465953108861629 0.4810121282513475 0.6905524970637348 53.10899988840968
 12.830500999256605 2.0258961024568833 0.49540072539765834 0.23337751274939358 0.05431448039528936 0.4784889177710723 0.6889680888065773 52.30332942190954
 12.818900999259306 2.027641188765947 0.5001225498486376 0.23378991020476833 0.05397500824656367 0.4760012201633129 0.6874062025069074 51.519618393674
 12.807300999262006 2.0293367857031113 0.5048052544198934 0.23419734334123155 0.05364104691180979 0.4735491018153793 0.6858665233430438 50.75702569371202
 12.795700999264707 2.0309844992948096 0.5094479814289837 0.23459998417038283 0.05331247830670576 0.4711320943968914 0.6843485577532648 50.01470601292387
 12.784200999267386 2.032585860923273 0.5141336514040705 0.23499615850740643 0.05298716022148663 0.4687255016405711 0.6828459278810974 49.291901406595905
 12.772700999270063 2.0341423378070673 0.5187769712963717 0.23538785224740888 0.05266706656725267 0.46635363542978187 0.6813642707519907 48.58784522416296
 12.761300999272716 2.0356553314694987 0.523460734842651 0.23577336802558949 0.0523500974794449 0.4639921378537799 0.6798973590993579 47.90187338094267
 12.74990099927537 2.0371261891096935 0.5281011039263641 0.23615468856639302 0.05203815685276387 0.4616645974890992 0.6784505921308666 47.233245160653254
 12.738500999278026 2.0385561895600506 0.532693729749909 0.23653195098839597 0.05173126460530699 0.45937178841316934 0.677023997217935 46.58142456526568
 12.72710099928068 2.0399465695334724 0.5372401011482657 0.23690528800999067 0.05142925183828974 0.45711256691763846 0.6756169133023036 45.945731831634355
 12.71580099928331 2.041298508681789 0.5418240655837118 0.23727296020878358 0.05113005633934356 0.45486280090727726 0.6742232417308379 45.32562167976109
 12.70450099928594 2.0426131364347584 0.5463582505245359 0.2376369456630273 0.05083565534495304 0.45264677985228813 0.6728486823292772 44.72057291834879
 12.69330099928855 2.0438915447538206 0.5509298163308441 0.23799548669399687 0.05054391290401897 0.4504395636798362 0.6714868606912127 44.13000685428697
 12.682100999291157 2.0451347753822016 0.5554513669051669 0.23835056121520587 0.050256785855114915 0.4482652234653064 0.6701434156831506 43.55344943047129
 12.670900999293764 2.046343829275105 0.559921424588861 0.23870227679395353 0.049974219347988735 0.44612365910206847 0.6688181150664928 42.99044618232761
 12.65980099929635 2.0475196717827986 0.5644270841080995 0.23904884895511982 0.04969412946881597 0.4439903630724089 0.6675047674281012 42.44050507967813
 12.648700999298933 2.0486632278275763 0.568880906650479 0.239392256625248 0.049418442667225344 0.4418890844874562 0.6662089192949118 41.90321093570989
 12.637700999301494 2.0497753886074594 0.5733682579314459 0.23973069873281153 0.04914516041913335 0.43979612631473947 0.6649246891351579 41.378166415734626
 12.626700999304056 2.0508570130536694 0.5778030708423354 0.24006615604490716 0.04887614520392736 0.43773458219037203 0.6636573990025012 40.8649521243453
 12.615700999306616 2.051908926363336 0.5821842888313442 0.24039871743285904 0.04861134230433288 0.4357042737336946 0.6624068245919296 40.36320306501808
 12.604800999309155 2.0529319263262407 0.586599267966078 0.24072655904870893 0.04834873597274492 0.43368125498871596 0.6611670120757123 39.872532894963946
 12.593900999311693 2.0539267794926612 0.5909604204230697 0.24105166481063348 0.04809020602686689 0.4316887851090847 0.6599433635691256 39.39260509247796
 12.583100999314206 2.0548942255677045 0.5953540289788483 0.2413721962565553 0.04783379784177189 0.429703495534276 0.6587301468554462 38.92309749900807
 12.572300999316722 2.0558349802668796 0.5996931115079355 0.24169014047717674 0.04758135256267865 0.4277482478468474 0.6575326302969922 38.463681831437825
 12.561500999319236 2.056749732562119 0.6039783885458024 0.2420055718664936 0.047332772927334184 0.4258223658991514 0.6563504360702122 38.0140256033777
 12.550800999321728 2.057639148886844 0.6082959403333937 0.24231663171834175 0.04708615099604398 0.42390289672709436 0.6551779974187231 37.573860123136875
 12.540100999324219 2.0585038711003594 0.6125579029162234 0.2426253118332507 0.04684332567250734 0.42201267309015017 0.6540205881412243 37.142910223100564
 12.529500999326686 2.0593445245417814 0.6168535492076497 0.2429297410053274 0.046602319584855736 0.42012799513787374 0.6528723768680611 36.720859592833044
 12.518900999329155 2.0601617091947597 0.6210934994706786 0.24323191487951862 0.046364997758472706 0.4182719607768518 0.6517387432612941 36.30748693254548
 12.508400999331599 2.060956007957353 0.6253665591301387 0.24352994965336028 0.04612942215918965 0.41642123782993523 0.6506139977747061 35.90251402322065
 12.497900999334044 2.0617279829127826 0.6295832556348677 0.24382584513246094 0.04589744117198515 0.4145987530900713 0.6495034661871588 35.50573633991919
 12.487400999336488 2.0624781818215165 0.6337457292654056 0.24411966075454739 0.045668929766899305 0.41280347476494644 0.6484066694589928 35.116868906486175
 12.47700099933891 2.063207132214105 0.6379407052615786 0.2444094948651107 0.04544204724439182 0.4110130219780483 0.6473182750667376 34.7357165795148
 12.466600999341331 2.063915347911577 0.6420810503644662 0.24469735425077227 0.045218546888420696 0.409249342695599 0.646243262465749 34.36204282796861
 12.45630099934373 2.0646033215962425 0.646253014221277 0.2449813256844532 0.04499662426217067 0.4074904009742168 0.6451764313048448 33.995683091657966
 12.446000999346127 2.0652715403965978 0.6503711300035316 0.24526342112211844 0.0447779673102013 0.4057574714905234 0.6441225213755206 33.636376631075386
 12.435800999348503 2.0659204668974205 0.6545222719105319 0.2455417163922023 0.04456077619292201 0.404028538853184 0.6430763450028856 33.2839645952561
 12.4255009993509 2.0665505558389756 0.6585293777786361 0.24582020614986963 0.04434859158407325 0.4023476580522163 0.6420480309621299 32.93826204719049
 12.415400999353253 2.0671622483882803 0.6626595100090032 0.2460930035092183 0.044135971794082206 0.4006478873129743 0.6410218635968681 32.59906174307865
 12.405300999355605 2.067755970430424 0.6667348708975511 0.24636410396682948 0.04392647107675665 0.398973415505678 0.6400080264892412 32.26620625358491
 12.395200999357955 2.0683321366045995 0.6707553758529333 0.24663355281734198 0.04372004192703793 0.397323942718551 0.6390063342056818 31.939529572453516
 12.385100999360308 2.0688911516798925 0.674721679677136 0.2469013943252469 0.04351661762548889 0.39569896463370036 0.6380165284303209 31.618856554476952
 12.375100999362635 2.0694334064365028 0.6787228004211493 0.24716567393053412 0.04331440155221388 0.3940764286328467 0.6370334199717966 31.304031923627235
 12.36520099936494 2.0699592799860245 0.6827582497305975 0.24742642189556593 0.0431133882497142 0.39245643735471775 0.6360569762776012 30.99492019053649
 12.355300999367246 2.0704691433001994 0.6867391061866239 0.2476856724532484 0.042915288207876934 0.3908604965660712 0.6350920477307241 30.691375178849796
 12.34540099936955 2.0709633577216273 0.6906675535089541 0.24794346526247266 0.04271999786148863 0.3892876962855725 0.6341382362051623 30.393214151131687
 12.335600999371833 2.071442270929341 0.6946308447015279 0.24819782641110355 0.042525808161392765 0.3877168532055443 0.633190677218785 30.100343200166357
 12.325800999374115 2.071906223074286 0.6985398398430481 0.24845079799216793 0.04233441178736114 0.3861692886032708 0.6322541609124971 29.81263005141926
 12.316000999376396 2.0723555476650493 0.7023967960113101 0.2487024167127846 0.04214570696030287 0.384644095764294 0.6313282955870391 29.529905478497092
 12.306300999378655 2.072790566576948 0.7062899491438104 0.24895069503026618 0.041957986018202255 0.3831200791262286 0.6304082163256112 29.252073728958855
 12.296600999380914 2.073211592075645 0.7101299794610214 0.24919768305703185 0.041772923634386123 0.38161837350549493 0.6294986514241779 28.97901451991726
 12.287000999383148 2.0736189305825072 0.714007480313286 0.2494413844570136 0.041588767282028656 0.3801172987972531 0.6285945610197179 28.71059859426457
 12.277400999385383 2.074012878796353 0.7178322719596913 0.24968385495410833 0.04140719935908876 0.37863807194911436 0.6277007071632777 28.446726259419616
 12.267900999387596 2.0743937256437825 0.721694390619818 0.24992308924071657 0.041226499962286084 0.37715933731844536 0.6268121713578212 28.187288753752338
 12.258400999389806 2.0747617553404467 0.7255056873840036 0.25016114892241265 0.041048283222266245 0.3757015996721347 0.6259334580993832 27.932153816030556
 12.248900999392019 2.0751172387814534 0.7292641579916195 0.2503980639542829 0.04087256674011226 0.37426516876543975 0.6250646329065657 27.681257760776795
 12.239500999394208 2.075460445691658 0.733061560124256 0.2506318164973241 0.04069761175261516 0.3728284693121309 0.6242006993985993 27.43447518205547
 12.230100999396397 2.0757916372553287 0.7368080861973025 0.25086447627874825 0.04052505433373982 0.3714122365907059 0.6233462519245737 27.191709399131273
 12.220700999398584 2.0761110640571805 0.7405024741347731 0.25109607108400966 0.040354894471147505 0.3700165868212742 0.6225012889775458 26.952891947001596
 12.21140099940075 2.076418977489764 0.7442374465736458 0.2513245707509018 0.040185394235875374 0.3686199313903969 0.6216608117589424 26.717894268101976
 12.202100999402916 2.076715616184009 0.7479215628156153 0.2515520530198668 0.04001821063851301 0.367243227114567 0.620829500960375 26.48665264635265
 12.192900999405058 2.077001214610143 0.7516455030104445 0.251776479025716 0.039851674555035764 0.3658655937513684 0.620002619901556 26.259081840334318
 12.183700999407199 2.077276003128011 0.7553198802594331 0.2519999325839253 0.03968737652015015 0.36450729206436283 0.61918459640228 26.035085567133002
 12.174500999409341 2.077540204822994 0.7589448942964805 0.2522224385734613 0.039525282404119504 0.3631680652873761 0.6183752974661025 25.814583424447896
 12.16540099941146 2.0777940362177194 0.7626107602511902 0.2524419460529677 0.039363758622776746 0.36182738854587626 0.6175701191213635 25.597508962969204
 12.15630099941358 2.078037708282304 0.7662264222390474 0.25266054693804235 0.03920441768312176 0.3605057556378417 0.6167735791581609 25.383797167132748
 12.147300999415675 2.0782714295364135 0.7698843911994627 0.2528761827982355 0.03904558351819894 0.3591821834183457 0.6159809064659834 25.17335050196687
 12.13830099941777 2.0784954018076953 0.7734942017273481 0.25309095132808934 0.03888884091840053 0.357876874547702 0.61519651435327 24.96609673106622
 12.129300999419865 2.0787098195547493 0.7770546518353569 0.2533048742930119 0.03873419351607636 0.3565899573792119 0.6144204164370334 24.76198888724139
 12.120400999421937 2.0789148756447906 0.7806577511532511 0.2535158816657456 0.03858000033983228 0.35530080290447363 0.613647973449065 24.560947239462315
 12.11150099942401 2.0791107575948353 0.7842135519092273 0.25372607957714904 0.03842781416915101 0.35402927737068973 0.6128834788323234 24.362894103711984
 12.102600999426082 2.0792976464556236 0.7877215908393697 0.25393548835237084 0.03827762190040996 0.3527753257601425 0.6121268813585563 24.167776328697304
 12.093800999428131 2.0794757202022818 0.791272619866661 0.25414202655921125 0.03812783519481677 0.3515188604849653 0.6113737423874392 23.975542628345636
 12.08500099943018 2.0796451532174425 0.7947772502575849 0.25434780876671487 0.03797997464452367 0.35027940880305203 0.6106282341148382 23.786109232654216
 12.07620099943223 2.079806112420578 0.7982342739253879 0.2545528537518842 0.037834046578075056 0.3490571153848971 0.6098903811991901 23.599439267859562
 12.067500999434255 2.0799587647647333 0.8017361105985602 0.2547550692492241 0.03768844300809884 0.3478316709216948 0.6091556649246102 23.415463785999673
 12.05880099943628 2.080103270740638 0.8051917125458583 0.25495657803549787 0.03754470677080806 0.34662283977484987 0.6084283477359939 23.234126531599532
 12.050200999438282 2.080239786067303 0.8086921700083082 0.2551552802266764 0.037401275585408796 0.34541078838378253 0.6077040871848255 23.05538370970521
 12.041600999440284 2.080368464395774 0.8121463132437318 0.25535330429378067 0.037259683076630495 0.34421518499150633 0.6069871121840973 22.8791816977386
 12.033000999442287 2.080489456098752 0.8155551358627261 0.25555066725342107 0.03711988463563884 0.3430356248853699 0.6062772486837724 22.70545778307656
 12.024400999444289 2.0806029065822846 0.8189181690436262 0.2557473855603897 0.03698187100236322 0.34187207727542995 0.605574460811991 22.534172093469145
 12.015900999446268 2.0807089577170306 0.8223274696431225 0.25594134524189305 0.03684408301859678 0.3407047262928902 0.6048744142804309 22.365275469426063
 12.007500999448224 2.080807749709525 0.8257842110253147 0.2561325528519731 0.03670649142455369 0.3395333191340975 0.6041769919381955 22.198709355000204
 11.999000999450203 2.08089941665584 0.8291043008330194 0.2563252867206514 0.03657214881075654 0.3383969841141423 0.6034906075243623 22.034437081488882
 11.990600999452159 2.080984090001954 0.832471027547546 0.2565152924417043 0.036437995201367035 0.33725663455268085 0.602806817767373 21.872423661290153
 11.982200999454115 2.0810619019274603 0.8357942570353945 0.25670471819077645 0.03630550016628363 0.3361312603175777 0.602129607600402 21.71260392420484
 11.973900999456047 2.0811329771308476 0.8391656190922473 0.25689143269397097 0.03617314592252655 0.3350014688212276 0.6014548004060675 21.55494490565525
 11.96560099945798 2.081197436395645 0.8424919604381254 0.25707758900166977 0.036042461264806765 0.33388688226505764 0.6007866160323405 21.399424315153787
 11.957300999459912 2.0812554033189006 0.8457757264284718 0.25726320122926605 0.03591337203240356 0.3327867655187924 0.6001247635444904 21.2459707011036
 11.949100999461821 2.0813069943843243 0.8491079886697475 0.2574461281104639 0.03578439110299818 0.3316820447554539 0.5994651844888361 21.094563820905986
 11.94090099946373 2.081352323917435 0.8523983171353667 0.2576285311803752 0.035656968396859154 0.33059150087097444 0.5988117909473889 20.945144923334567
 11.93270099946564 2.0813915026225183 0.8556440840892524 0.25781042307145663 0.03553114749371555 0.3295156524768955 0.5981647555196936 20.79771471394257
 11.924600999467525 2.081424641837641 0.8589401510622775 0.2579896530036917 0.03540537170062107 0.3284346740411305 0.5975197435387164 20.652206417431927
 11.916400999469435 2.081451848608083 0.8621020126016442 0.25817055727010574 0.0352825923857433 0.3273866351569127 0.5968847877631692 20.508583597647785
 11.908400999471297 2.0814732254983404 0.8654066066836604 0.25834664810742364 0.03515836364427704 0.32631434636539725 0.5962477638233771 20.366820632925688
 11.900300999473183 2.081488875653216 0.8685760763553375 0.25852443683436954 0.035037121249316155 0.32527498598170623 0.5956207582056695 20.226891894484623
 11.892300999475047 2.081498898948355 0.8717972507195216 0.2586995930384023 0.03491586288755652 0.32423002621221214 0.5949955346052596 20.08874438399054
 11.88430099947691 2.0815033931607414 0.8749764020774379 0.2588742974117059 0.034796077031244516 0.3231986640853796 0.5943761623266357 19.952363963533926