 17.011700998283093 0.15043336101097773 1.931043131215643 0.013070189092066883 0.009018602557565319 0.2644994261593722 0.9799884867979758 1.5762991288148658E+7
 14.172000998944263 0.21349792856181526 1.7538658829321248 0.02226629426643361 0.027084600884893922 0.31637202208881715 0.9918456155113805 3299069.461485243
 13.24310099916054 0.27523857347061187 1.5710888913275405 0.030718857544155008 0.04520176390217114 0.37394726830048497 1.0078467639075388 1101637.7861169197
 12.851900999251622 0.3357823855982575 1.4100845661039616 0.038616774108560625 0.060790805524473045 0.42751396696930355 1.0216812707374767 471918.14978666406
 12.678000999292111 0.3944699960901558 1.2750299508185634 0.04598843673215189 0.07341019909632236 0.4741604218169341 1.0318579292178687 237915.04580888755
 12.605100999309085 0.4506008432997069 1.163816472309065 0.05283614498329651 0.08327982029372788 0.5133631710414104 1.038395970035201 134831.97752928824
 12.581700999314533 0.5037858720908316 1.0726344127616478 0.05918233241761348 0.0908338690822834 0.5456430411382862 1.0418145584263347 83405.78405412789
 12.582900999314253 0.5539911345830411 0.9975394784079599 0.0650739977709358 0.09653572739592314 0.5719493241942178 1.0427394396872414 55151.759695114975
 12.596300999311133 0.6014389271902657 0.9350626635529337 0.07057224882095126 0.10079557929025301 0.5933130149438742 1.0417381341144853 38386.67031418352
 12.615700999306616 0.6464813271552458 0.882378894503901 0.075740828404045 0.10394536042137816 0.6106773813647455 1.0392701407807654 27801.203466781895
 12.638000999301424 0.6894982070238804 0.8372796727670956 0.08063808558176173 0.10624162147298612 0.6248373391752506 1.035689594899801 20773.151468490367
 12.66160099929593 0.7308317870821394 0.7980686421011369 0.0853128121443318 0.10787931508143393 0.6364386430907947 1.031267509948883 15913.863652697006
 12.685900999290272 0.7707529068840134 0.7635951858365971 0.08980061405747325 0.1089930848141442 0.6459291208801499 1.0261860834279892 12442.600393038098
 12.710400999284568 0.8094503402930108 0.7329445740624354 0.09412747539658053 0.10969054533410474 0.6536855778440163 1.0206007673683228 9896.824833425831
 12.73470099927891 0.8470355966854372 0.7054370759232558 0.09831015080816127 0.11005429744128774 0.6600018523192405 1.014637406019953 7989.579731047598
 12.758700999273321 0.8835572752456238 0.680698308914728 0.10235609301332742 0.1101373486742445 0.6650448453400467 1.0083748522007472 6535.440379404671
 12.782100999267874 0.9190202272627469 0.6583846708183275 0.1062694121436425 0.10998857518663764 0.668980057211106 1.0018941591707269 5410.220008692962
 12.804500999262658 0.9534058380587482 0.6381723004426358 0.11005267455958677 0.10965300946727999 0.6719717483216172 0.9952752179163591 4528.20718113815
 12.8258009992577 0.9866901645079484 0.6199230172897598 0.11370557395271613 0.10915752840979674 0.6740976323825424 0.9885609653169715 3828.720476335168
 12.845900999253018 1.018857912224947 0.6035085943411344 0.11722885000653109 0.10852595622112103 0.6754309271638012 0.9817882533905368 3267.908129564982
 12.864500999248689 1.049911284654821 0.5886771846466149 0.12062716233483356 0.10778925341460721 0.6761027065803854 0.9750102027264966 2813.575978100168
 12.881700999244684 1.0798736398370734 0.5753642896426402 0.12390395763993241 0.10696049790945573 0.6761501282631296 0.9682384951119424 2441.778494646277
 12.897500999241005 1.1087888813354396 0.5634278137520304 0.12706582044795128 0.10605651668694162 0.6756443460424846 0.9614927558477617 2134.5305506930617
 12.911800999237675 1.1367177530739405 0.5526478731286021 0.13012216235815743 0.10509754401236403 0.6746900613219535 0.9548007143644858 1878.2134642990195
 12.924700999234672 1.1637323400819424 0.5429013728050381 0.13308161161373983 0.10409449776352774 0.6733425773413573 0.9481690801812631 1662.4410625449743
 12.936500999231924 1.1899099494771055 0.5341741574541335 0.13595109891420315 0.10304939052451659 0.67160428264676 0.9415846308375394 1479.2465206165568
 12.947100999229457 1.2153271703656539 0.5262333508644279 0.13874141652839747 0.10197896675065227 0.6695799209835192 0.9350707422843855 1322.4788249721362
 12.956700999227222 1.2400547769979189 0.5190255805264146 0.14145942416718407 0.1008867433992424 0.6672897460526763 0.9286216955197283 1187.3627356521663
 12.965400999225196 1.264153758577902 0.5124602343081892 0.14411175258333653 0.0997787846386546 0.6647724956622036 0.9222401748624841 1070.163049705247
 12.973300999223357 1.287672730229865 0.506468101899254 0.1467034938232806 0.09865984501255869 0.6620584892902707 0.9159282240674228 967.9365405312485
 12.98050099922168 1.3106467473129988 0.50100381289534 0.1492380796317331 0.09753343532473452 0.6591690057394801 0.9096872619614811 878.3427122651802
 12.987000999220166 1.3330974814998686 0.49598697312729395 0.1517184813438204 0.09640557242242595 0.6561430085906195 0.903527002224657 799.4999558996946
 12.992900999218794 1.355034636054814 0.4914172797581424 0.15414509862026088 0.09527757208602738 0.6529849211186094 0.8974475137652802 729.8789236546579
 12.99820099921756 1.3764582991215186 0.4872560370585507 0.15651835076333162 0.0941533572609133 0.6497177831723906 0.8914565759848608 668.2181011856023
 13.002900999216465 1.3973619834460196 0.48347765479654825 0.15883789415393157 0.09303612129748869 0.6463594852048946 0.8855611556580539 613.4649209910842
 13.00700099921551 1.4177358940093017 0.4800674683018346 0.1611029949615716 0.09192833678120503 0.6429231824349947 0.8797668833028438 564.7289772386737
 13.010500999214695 1.437570074071453 0.47701625162375494 0.16331288691216697 0.09083197964557135 0.6394192732549857 0.874078214809136 521.2490069654355
 13.01340099921402 1.4568570447820157 0.4743187390578775 0.1654670707878019 0.08974848781658085 0.6358554993425711 0.8684979304537989 482.36744196394443
 13.015700999213484 1.4755937213224721 0.471965982091761 0.16756553143091996 0.08867916117572133 0.6322401009055435 0.8630280505538886 447.5142575420755
 13.017500999213066 1.493782392253914 0.4700121223530631 0.16960754546701892 0.08762158718417404 0.6285532441695083 0.8576604866877129 416.1922711283301
 13.01860099921281 1.5114308228430515 0.468310744247638 0.17159688932420358 0.0865834999894825 0.6248585790093368 0.8524126429350817 387.96882051426974
 13.019100999212693 1.528551501637119 0.46690578053141635 0.17353398212653834 0.08556220633384035 0.6211376439319496 0.847274830802014 362.4666483949232
 13.019100999212693 1.5451602955272712 0.4658361631059727 0.1754195516601721 0.08455528255260987 0.6173740574772291 0.8422377737505914 339.35910248993645
 13.018500999212833 1.5612746714585557 0.4650085172408594 0.17725715981858864 0.08356673344797103 0.6136055149572718 0.8373087714808928 318.36347429429236
 13.017500999213066 1.5769118201077967 0.4645259969425425 0.17904625507257307 0.08259096152575526 0.6097891321655435 0.8324704380577914 299.2368362417719
 13.015900999213438 1.592086898029836 0.4642260450846292 0.18079149024635155 0.08163520909155568 0.6059904133154886 0.8277392557004625 281.77102204715686
 13.013800999213927 1.6068116546636853 0.4641486824166545 0.18249302268979134 0.08069709605329398 0.6021928588471612 0.823107189547861 265.7879726693725
 13.011300999214509 1.6210936516998684 0.4643383517476315 0.18415047106888024 0.07977440980446762 0.5983796843929957 0.8185671798200289 251.13553586240545
 13.008300999215207 1.6349362025422656 0.4647078580167341 0.18576576738275438 0.07887109185693592 0.59458700725752 0.8141289680456989 237.68302400274698
 13.004900999216 1.648283159563136 0.4653192406732093 0.18733124693526435 0.077987845916684 0.5908064774519961 0.8098020258941181 225.3640020196186
 13.001000999216908 1.661159531458065 0.4661277912494268 0.1888513108433218 0.07712470715194547 0.5870493713999957 0.8055816664109748 214.0436018798348
 12.996700999217909 1.6735898418538753 0.4671746133659961 0.1903274181677297 0.07627863324402157 0.5832962218507447 0.8014565238841451 203.6126995818457
 12.991900999219025 1.6855878873432772 0.46836914496500676 0.19176270718110466 0.07545271612347969 0.5795802395123509 0.7974329989177534 193.98263669722127
 12.986700999220236 1.697167634487465 0.46975988272653263 0.19315740061385747 0.07464416730623002 0.5758813153584247 0.7935018386894443 185.07504216078254
 12.981200999221517 1.708343259611666 0.47139564512229304 0.19451169431316115 0.0738503245468461 0.5721797982297999 0.7896541128763362 176.82047992805087
 12.975200999222913 1.7191290287405974 0.4731138313188389 0.1958302743802857 0.07307695929958792 0.5685345630125399 0.7859036104638941 169.15702836116
 12.968900999224381 1.7295391870174346 0.47503541861676213 0.1971118274620313 0.0723184727672386 0.5648987187995553 0.7822335536351366 162.02967655906622
 12.962300999225917 1.739587854107673 0.4771396007690516 0.19835799855822012 0.07157499524759896 0.5612783518903562 0.7786426433413625 155.38943259298617
 12.955300999227548 1.7492889385443162 0.4793325464980799 0.1995719473949586 0.07084938894672484 0.5577057001806721 0.7751370988702224 149.192631509019
 12.948000999229247 1.758656066541191 0.48166657341600455 0.20075373921465614 0.07013889388795 0.5541596346273172 0.7717079113616273 143.400094613952
 12.940400999231016 1.7677025310974477 0.48412200894085644 0.20190492009963254 0.0694435354260418 0.5506452626492139 0.7683536988248308 137.9767951866471
 12.932600999232832 1.776441256113637 0.4867523011286093 0.2030254233652468 0.06876069550347963 0.5471418220534919 0.7650659386528933 132.89140035177286
 12.924400999234742 1.7848847613729821 0.4893912529854716 0.2041198358549865 0.06809572064282267 0.5437060026426245 0.7618579502653482 128.11574581626388
 12.916100999236674 1.7930451379492929 0.49224310872683275 0.2051848273126968 0.067440621349354 0.5402641740402675 0.7587065700982784 123.62436913532552
 12.907500999238676 1.800934049929313 0.4951413801946656 0.2062248967464268 0.06680072289940754 0.5368727639425358 0.7556252324919523 119.39452968063098
 12.898700999240726 1.808562707421217 0.49814565617500656 0.2072397447485168 0.06617328963043635 0.5335090941049422 0.7526052386715059 115.40542438817731
 12.889700999242821 1.8159418856226113 0.501238215748137 0.20823060247313713 0.06555838194053022 0.5301776114422535 0.7496457182245982 111.63855042270129
 12.880500999244964 1.8230819104206646 0.5044054429520571 0.20919865068379992 0.0649558859993384 0.5268811284341749 0.7467452898842284 108.07689439896879
 12.871100999247151 1.82999267240152 0.5076323232491737 0.21014502136941268 0.06436576155063117 0.5236229721787875 0.7439028809831332 104.70516990969698
 12.861500999249387 1.836683638202358 0.5109037187950729 0.21107079905043352 0.0637879840293966 0.5204064863517559 0.7411175323781741 101.50953690717093
 12.851800999251646 1.8431638498441367 0.5142827435229309 0.21197537130186156 0.06321999550149321 0.5172090833910766 0.7383812761493806 98.4773102998039
 12.842000999253926 1.849441940945033 0.5177586155112045 0.21285970488153308 0.0626617064424671 0.5140330082687766 0.7356929860005071 95.59687158311516
 12.832000999256255 1.8555261570163444 0.5212421532709647 0.21372638939632274 0.062115526150983084 0.5109060763221027 0.7330585777649291 92.85775167273246
 12.821800999258631 1.8614243579889376 0.5247212760435651 0.21457633016454977 0.061581350955849816 0.5078304414496718 0.7304770355322484 90.2503481700895
 12.811600999261005 1.8671440384352214 0.5283403243455839 0.2154070289004382 0.061054253692858364 0.5047579938786478 0.7279339230938908 87.76579984137578
 12.801300999263404 1.8726923431259086 0.5320115561517054 0.21622095357825175 0.06053661870726856 0.5017160033422379 0.7254352114972524 85.39609444541775
 12.790800999265848 1.878076074931889 0.5356485730220059 0.21702056554249166 0.06003067173256739 0.49873052730647893 0.7229864419160269 83.13377267055907
 12.780300999268293 1.8833017208462604 0.5393956051874275 0.21780320881211424 0.05953169813190215 0.49575458733411687 0.720573920725995 80.97214479322155
 12.76970099927076 1.8883754481125312 0.5431690458096294 0.21857126698182017 0.05904186476665839 0.49281342926629934 0.7182030428274534 78.90480629277705
 12.759000999273253 1.8933031395414042 0.5469587219284029 0.219325403240373 0.058561149990940746 0.48990908095261043 0.7158732524458165 76.92608934826765
 12.748200999275767 1.8980903930076403 0.5507574146347798 0.2200662493017179 0.0580894272992486 0.4870425230631885 0.7135836637443078 75.03063598049532
 12.737300999278304 1.9027425377399754 0.5545572265830475 0.22079440721265792 0.05762660819550055 0.48421499351585084 0.7113335506319437 73.21354863990048
 12.726400999280843 1.9072646479619957 0.558430982584714 0.22150871030006267 0.057170314267472135 0.48140311171333283 0.709115773341536 71.47024618526648
 12.71550099928338 1.9116615611184269 0.5623714499049792 0.22220968523385878 0.05672052635440937 0.4786084025449442 0.7069298560741377 69.79656866555052
 12.70450099928594 1.915937874846419 0.5662951862997162 0.2228995870717376 0.05627931608839849 0.47585513448019146 0.7047811235421542 68.1885149877887
 12.693400999288526 1.9200979839592092 0.5701926381909153 0.22357891506974215 0.0558466954311264 0.4731451652215778 0.702669297940983 66.64261024757867
 12.682400999291087 1.9241460584586831 0.5742209718936253 0.22424460715586075 0.05541808146694603 0.47043059143302884 0.7005810803886655 65.15536620693594
 12.671200999293694 1.9280860824215273 0.5781340564685546 0.2249024013750518 0.05499998116060316 0.46778379573475326 0.6985343687677936 63.723675686987825
 12.66010099929628 1.931921852563707 0.5821666289657068 0.2255474064004191 0.05458580806322259 0.46513447493026644 0.6965103714908555 62.344665259098996
 12.648900999298887 1.9356569872482476 0.5861538098809451 0.22618357234739303 0.05417979258670298 0.46253040649482785 0.6945206115330943 61.01558560835968
 12.637700999301494 1.9392949335090055 0.590172589816003 0.22680949924711338 0.053779661481745206 0.4599481774806352 0.692558374280629 59.73386366955715
 12.626500999304103 1.9428389868101037 0.5942178304947235 0.22742554561438702 0.05338537931109894 0.45738867628718305 0.6906232878700396 58.497168807844865
 12.615200999306733 1.946292288430465 0.5982040572973111 0.22803386076996565 0.0529989775169888 0.45487573853197705 0.688720777454227 57.303286532915195
 12.60400099930934 1.9496578370996038 0.602290361724377 0.22863116208575449 0.05261616487753948 0.4523630621402144 0.686838515929197 56.150135908502925
 12.592700999311973 1.9529384946874755 0.6063111172187693 0.2292213823308717 0.0522410209940982 0.4498972489913055 0.6849876790283046 55.03573374466058
 12.58150099931458 1.9561369994910762 0.6104254742059304 0.22980118513226697 0.051869345585045086 0.4474325837016406 0.6831562440529889 53.958291391529045
 12.57020099931721 1.959255965438062 0.6144669572785598 0.23037450150347288 0.05150517913045178 0.445015394516505 0.6813553122965939 52.91607221854257
 12.558900999319842 1.9622978929182613 0.6185137172818873 0.23093978303207024 0.05114639700074632 0.4426230072315304 0.6795787053173252 51.90748880595365
 12.547600999322473 1.9652651707876543 0.6225645393908552 0.23149728940415806 0.050792870427177096 0.4402551134343744 0.6778258015910344 50.93096985064178
 12.53640099932508 1.9681600906583723 0.6266976585521429 0.2320454187890995 0.05044257644127136 0.43788972681936567 0.6760907563196047 49.985150993854255
 12.52510099932771 1.9709848433434887 0.6307454805807085 0.23258810532143956 0.05009946172671153 0.435572469993892 0.6743844505517743 49.06867107745855
 12.513800999330343 1.9737415244333405 0.6347887741607602 0.2331237318362148 0.049761410287613085 0.4332804346380157 0.6727007310684135 48.18024320181994
 12.50260099933295 1.9764321461367051 0.6389085528319196 0.23365064824122492 0.049426374335516686 0.43099118175868234 0.671033660758775 47.31867156147383
 12.49130099933558 1.9790586363500149 0.6429353791429335 0.23417279588249246 0.04909826686239789 0.4287501486403283 0.6693940755246812 46.482844542843274
 12.48010099933819 1.9816228433247238 0.6470342539091298 0.23468663221923322 0.0487730688731851 0.4265123073511681 0.6677705091184035 45.67168763096481
 12.468900999340796 1.9841265417868348 0.651120095343691 0.2351942190944735 0.048452675607360156 0.42430013175425224 0.6661681156465089 44.88417952341485
 12.457700999343404 1.9865714320192447 0.6551913829021445 0.23569574138180882 0.04813700437214371 0.42211350654979274 0.6645864957422274 44.11935176473001
 12.446500999346013 1.9889591539168292 0.6592460554547609 0.23619137744911695 0.04782599297787416 0.4199524921670381 0.6630253290334924 43.37630380249284
 12.435400999348596 1.9912912794514381 0.6633659178252775 0.23667939494724607 0.047517690069858384 0.41779522004123193 0.6614790157962512 42.65420085539803
 12.424200999351203 1.9935693177941987 0.6673820158170617 0.2371637589172224 0.04721581521967053 0.4156855119012986 0.6599578200541227 41.952187223944435
 12.413100999353789 1.9957947264894271 0.6714611061409099 0.23764081579672822 0.046916512723732366 0.41357937026004915 0.6584508027651017 41.269508033362605
 12.402000999356373 1.9979689044674256 0.675517324685506 0.2381126210834871 0.046621623743323584 0.4114988091091868 0.656962998470463 40.60542475179391
 12.390900999358957 2.0000931982303287 0.6795494178243817 0.23857932128037332 0.04633107702357911 0.4094436889530338 0.6554940754011327 39.95923297064838
 12.379800999361542 2.002168908257022 0.6835562498647326 0.2390410579209275 0.04604480069151631 0.4074138446857126 0.6540437023353735 39.330260907244465
 12.368800999364103 2.0041972884878314 0.687620782362605 0.2394960311784164 0.045760916120602506 0.4053878183963477 0.652606526908431 38.71790473292947
 12.357800999366663 2.0061795409738203 0.6916585043826005 0.2399462973585721 0.045481174273381185 0.4033867817849501 0.6511872945863991 38.121514562456326
 12.346800999369226 2.008116834339431 0.6956671944362616 0.24039198377673698 0.04520554328382948 0.4014109136988777 0.6497858307604023 37.54054100227471
 12.335900999371763 2.0100102910616138 0.6997321142814696 0.2408312603778418 0.0449321265934356 0.3994384432785825 0.6483967060791154 36.97442442112079
 12.3250009993743 2.011860999461841 0.703766381154443 0.24126618749507936 0.04466270891676452 0.39749091740153447 0.6470248184751424 36.42264610273504
 12.314100999376839 2.0136700074514122 0.7077688245697655 0.24169687935717618 0.044397234159116165 0.3955682270806608 0.6456699118817619 35.88471000414503
 12.303200999379376 2.015438328848417 0.7117391268602603 0.24212344650189488 0.04413562396326728 0.39367002573715587 0.6443316491908544 35.36012368930896
 12.292400999381892 2.0171669444735523 0.7157631791928798 0.24254402275375223 0.04387602732956442 0.391774832710188 0.6430047539639656 34.848425230013106
 12.281600999384406 2.018856803831849 0.7197535172958556 0.24296067453609524 0.043620199002111656 0.38990394707648207 0.641694046839619 34.34918683500642
 12.27080099938692 2.0205088273007417 0.7237089323837386 0.24337350234762403 0.043368092195414716 0.38805729870641653 0.6403993137275171 33.861999458179284
 12.260000999389435 2.0221239030797555 0.7276283254168573 0.24378260316186673 0.043119658948647416 0.38623479290632956 0.63912033815277 33.38647031617522
 12.249300999391926 2.0237028915241075 0.7315996644976065 0.24418607744879042 0.04287304934134819 0.38441481027927743 0.6378518313646295 32.92218281042928
 12.238600999394418 2.0252466287515833 0.735534787869411 0.24458600000045227 0.042629992605999145 0.3826184464240379 0.6365985487679102 32.46878410157525
 12.228000999396885 2.026755927744974 0.7395191007385392 0.24498045630697224 0.04238873794614179 0.38082501664661705 0.6353555655872647 32.0259507268193
 12.217400999399354 2.028231568937994 0.7434672640030081 0.2453715252304129 0.042150914722717446 0.3790546320592402 0.6341272764282292 31.593295692295108
 12.206800999401821 2.0296743164405107 0.7473774202635749 0.24575929046708872 0.041916504381362046 0.3773074403676053 0.6329135816452852 31.170522053125435
 12.196300999404265 2.0310849087981238 0.7513370622712734 0.24614181472188507 0.04168373983548639 0.37556249498260474 0.631709483824262 30.757315438023404
 12.185700999406734 2.0324640663790228 0.7551696582748837 0.24652320844380957 0.04145600728637827 0.37386113483488725 0.630524331272067 30.353386797752098
 12.175300999409155 2.0338124831984663 0.759139661806539 0.24689747861521708 0.041228125634482186 0.37214100526701066 0.6293436285127768 29.958430526775246
 12.1648009994116 2.035130839187331 0.7629822444270596 0.24727076898922049 0.041005158521927904 0.37046387299921724 0.6281813762788097 29.57217985349829
 12.15440099941402 2.0364197918195024 0.766872905704852 0.24763909123917574 0.04078368903234354 0.3687885714904844 0.6270280304137719 29.19437885808882
 12.144000999416443 2.037679980975146 0.7707242193394039 0.24800454356231333 0.040565331921932436 0.36713514666675334 0.6258879707381539 28.824752563948127
 12.13370099941884 2.038912029648206 0.7746233290863092 0.24836514754776795 0.0403484056865501 0.3654833522099287 0.6247565012806343 28.46307768297561
 12.12340099942124 2.040116541559958 0.7784826246427917 0.24872300709511114 0.040134510311290464 0.36385310660396153 0.6236379565791724 28.10909806495932
 12.113100999423638 2.041294109476952 0.7822999180374225 0.2490781875326227 0.03992364644761096 0.3622446808076251 0.6225323190982687 27.762620575534307
 12.102900999426012 2.0424453016000705 0.7861658644920319 0.24942869049386449 0.03971407714290905 0.3606371795169988 0.6214346712024004 27.423392695316537
 12.092700999428388 2.0435706781476037 0.7899910774983641 0.2497766294184702 0.03950741968920255 0.35905073469100396 0.6203494280624694 27.09121001566938
 12.082500999430762 2.0446707817102063 0.7937749890602682 0.25012206418723887 0.039303636489376875 0.35748520143111656 0.6192764283213938 26.765875573550176
 12.072400999433114 2.0457461416358544 0.7976064712216127 0.2504629785707158 0.03910107109699059 0.35592044090251895 0.6182110507719493 26.447199426202264
 12.062300999435465 2.0467972730571877 0.8013966127620421 0.2508014950561961 0.0389013004587426 0.3543762033098761 0.6171575707929504 26.13498502691208
 12.052200999437817 2.0478246769963215 0.8051445729377311 0.2511376690587168 0.038704296981032255 0.35285242810427064 0.6161158670290356 25.829061672716186
 12.042200999440144 2.0488288426646646 0.8089408175919999 0.2514694664771631 0.03850839728598134 0.3513288348378354 0.6150812813530863 25.529239800460992
 12.032200999442473 2.049810247691914 0.8126950181230728 0.2517990194905589 0.03831518670075672 0.34982529465514517 0.6140581345700459 25.235360540448642
 12.022300999444779 2.0507693551395443 0.816497185837935 0.2521242822723411 0.03812303464198119 0.3483218238086435 0.6130418884570751 24.947258671147544
 12.012300999447106 2.0517066173929646 0.8201670220333293 0.25244949486734736 0.037935082971216554 0.34685775365462224 0.612041115366221 24.664780167012594
 12.002500999449389 2.0526224775703046 0.8239753748424749 0.25276840179650856 0.037746541339170124 0.3453737127788612 0.6110426084031683 24.387764493138103
 11.992600999451694 2.0535173638800543 0.8276515167067348 0.253087355349739 0.03756211090372535 0.3439285346370136 0.6100592046993372 24.116067641226863
 11.982800999453975 2.0543916972385 0.8313757655727811 0.2534021860452755 0.03737861951667034 0.34248287180316755 0.6090821684305587 23.849551319771017
 11.973000999456257 2.055245887506843 0.8350576076296266 0.2537150455089623 0.03719760462959091 0.34105616159082913 0.6081156600941786 23.588080702177933
 11.963300999458516 2.056080335014811 0.8387874964290284 0.2540238549796585 0.03701748571620154 0.33962882173992087 0.6071553163459416 23.331526076056537
 11.953600999460773 2.0568954266971193 0.8424754656806777 0.25433077232325096 0.03683977046535776 0.33821999797522434 0.6062051899656633 23.07975031381748
 11.943900999463033 2.0576915435063543 0.8461213112458823 0.254635840072017 0.036664425478072124 0.3368295112758842 0.6052651408080651 22.83263170959845
 11.934300999465268 2.0584690576820246 0.8498158771676809 0.25493696362945917 0.03648988977363508 0.3354379289409725 0.6043308727995985 22.59005289062108
 11.924700999467502 2.059228329449964 0.8534689116710649 0.25523631092513877 0.03631765374086717 0.33406424416827046 0.6034063815857104 22.351888902195295
 11.915100999469738 2.0599697153004395 0.8570787375192891 0.2555339218873489 0.03614772072284574 0.3327086528580346 0.6024916709229675 22.1180510854153
 11.90560099947195 2.06069355620483 0.8607388582634955 0.25582768582738374 0.035978495388821134 0.33135130607227703 0.6015823027909037 21.888400510336993
 11.89610099947416 2.0614001917996565 0.8643564488338052 0.25611978127302065 0.035811504477908616 0.3300116107620351 0.6006824243534733 21.662855169395378
 11.88670099947635 2.0620899500563326 0.8680229982193249 0.25640808788667724 0.035645217414607216 0.3286703695955516 0.5997878452669189 21.44131458601633
 11.877200999478562 2.0627631511588134 0.8715568143867393 0.2566969516778192 0.03548257329912965 0.32736511655210426 0.5989064420135661 21.223660633336237
 11.867900999480728 2.0634201103182686 0.8752310029514772 0.2569799243723031 0.035319104997256344 0.32603923584756667 0.5980261391699694 21.009825528298965
 11.858500999482915 2.064061131469201 0.8787722851909056 0.2572635238414143 0.03515921967413899 0.32474898814073205 0.5971587621749794 20.799691733662424
 11.849200999485081 2.0646865137597503 0.8823635377252086 0.25754344898139464 0.03499993527279524 0.32345659152755407 0.5962962351804716 20.593181401352187
 11.839900999487247 2.0652965488427113 0.8859136547583729 0.2578218979991731 0.034842693438843275 0.32218060627107814 0.5954423904054973 20.390198548345342
 11.830600999489413 2.0658915248707883 0.8894206864685174 0.25809890341352815 0.03468750817346021 0.32092131203204605 0.5945972764050889 20.19068470493964
 11.821400999491555 2.066471715249373 0.8929795500888006 0.25837231035130803 0.03453283168921408 0.3196592171447082 0.5937566175919801 19.994524920086654
 11.812300999493672 2.0670373948746033 0.8965890034229946 0.2586421378576391 0.03437868601900203 0.318394647032723 0.59292048726259 19.801660383924247
 11.803100999495815 2.0675888297146843 0.9000642983387472 0.25891279122579375 0.03422795893960544 0.3171647528695668 0.5920966026140244 19.612014690328472
 11.794000999497934 2.0681262766796147 0.9035918581341938 0.259179916280995 0.03407768507651805 0.31593177132990824 0.5912769241791177 19.425495248643777
 11.784900999500053 2.068649993866893 0.9070769781007298 0.2594457319106666 0.033929342945815025 0.3147147099703079 0.5904654458974147 19.24205879868818
 11.775900999502149 2.0691602240671885 0.9106143704561156 0.2597080601143813 0.03378143009742768 0.3134944905093084 0.5896580595711065 19.061612229939477
 11.766800999504266 2.0696572123809314 0.9140177659987118 0.259971335639428 0.033636810890587364 0.3123080894269737 0.5888624085717312 18.884097208458403
 11.757900999506338 2.070141195680725 0.9175658862992138 0.2602289573317052 0.03349117188630513 0.3111000885933372 0.5880669384335183 18.709448113528783
 11.748900999508434 2.0706124028971646 0.9209808040239719 0.2604875791850799 0.033348759150719214 0.30992539654340445 0.5872829273173548 18.537592098697253
 11.740000999510507 2.071071060270225 0.9244482583317885 0.2607427965612426 0.033206712530062216 0.3087472344252557 0.5865027258680547 18.36847187138254
 11.731100999512579 2.071517392077642 0.9278745214549134 0.26099684825151304 0.03306644781185569 0.307583986996437 0.5857300944226514 18.202036017198644
 11.722300999514628 2.071951612146706 0.9313530097881033 0.26124752990603883 0.03292653599577205 0.30641728912714405 0.5849612039023508 18.038225843022744
 11.713500999516677 2.0723739308255396 0.9347913321016253 0.2614970864738852 0.03278835126799507 0.30526509215119185 0.5841996538552332 17.876975618866766
 11.704700999518725 2.0727845543287415 0.9381903291104896 0.2617455414576279 0.03265185332402517 0.3041270555693488 0.5834452798201547 17.718221002202057
 11.695900999520774 2.0731836851513337 0.9415485156819854 0.2619929179605246 0.03251705148038021 0.30300337329308646 0.5826981155582432 17.561925888743243
 11.6872009995228 2.073571519740262 0.9449612106754304 0.2622369945749403 0.032382505216118226 0.301875508544484 0.5819542781103156 17.408020540529588
 11.678500999524825 2.0739482532627314 0.9483334042932223 0.26248002988624464 0.032249618648273644 0.30076176634329027 0.5812174946574608 17.25647117247534
 11.669900999526828 2.0743140732141288 0.951759059442008 0.2627197940336031 0.03211699336234517 0.2996440443212649 0.5804840474489974 17.107228178283314
 11.66130099952883 2.0746691614551533 0.9551468484744464 0.26295855160999354 0.031985944429729074 0.2985396955671227 0.5797573113536371 16.96021777812798
 11.652700999530833 2.075013703585161 0.9584937830518188 0.26319632392835235 0.0318565135136277 0.2974492569968878 0.5790374503644878 16.815426552859112
 11.644100999532835 2.075347873073826 0.9618014794257674 0.2634331308249062 0.03172864743418148 0.29637223251886463 0.5783242488499044 16.672792030681336
 11.635600999534814 2.075671843018885 0.9651642545577367 0.2636667260933646 0.03160096731475319 0.2952906900599962 0.5776140605411049 16.532269806020278
 11.627100999536793 2.0759857828235737 0.9684873792624273 0.26389938786997186 0.03147483444587254 0.29422251272293554 0.5769104529076226 16.393824484758106
 11.618600999538772 2.076289856884646 0.9717724869167765 0.2641311350193508 0.031350196876560675 0.2931672111547947 0.5762132146725765 16.257397532255087
 11.610200999540728 2.07658422864079 0.9751126232796293 0.26435970935912945 0.0312257208243538 0.29210731557145686 0.5755188764688574 16.122964021386284
 11.601800999542684 2.0768690560905925 0.9784143457829261 0.26458739876787224 0.031102723898276004 0.291060252696085 0.5748308350835326 15.99047566583903
 11.59340099954464 2.0771444946409647 0.9816769955619669 0.26481422113480596 0.030981201642220325 0.29002604652392927 0.5741490706853912 15.85990126329887
 11.585100999546572 2.077410695727323 0.9849961795312969 0.26503790612669226 0.030859787131295703 0.28898683731220604 0.5734699761690032 15.731194755485511
 11.576800999548505 2.077667807672767 0.9882770576974639 0.2652607514289052 0.030739809157843703 0.28796019302391435 0.572796998260488 15.60432295435447
 11.568500999550437 2.0779159761664148 0.9915201336064077 0.26548277384791846 0.030621240916389236 0.28694588821094713 0.5721300268846632 15.47924571142857
 11.56020099955237 2.078155345131453 0.9947243989388145 0.2657039900126881 0.030504085892686512 0.28594402852046497 0.5714690745745418 15.35593889601307
 11.552000999554279 2.078386053160126 0.9979861405077942 0.2659221139407958 0.030386988065746256 0.2849368371673106 0.5708105726710428 15.234356824669481
 11.543800999556188 2.0786082360842513 1.0012106124591076 0.2661394562206584 0.030271252351402225 0.2839416448486921 0.5701578772818562 15.11446584429657
 11.535700999558074 2.0788220319179103 1.0044916081441029 0.2663537238975401 0.030155583354821776 0.2829413250978385 0.5695076626891643 14.996247862749126
 11.527500999559983 2.079027567087357 1.0076404842682973 0.26656954597585153 0.030042551411764724 0.2819700876105857 0.5688664919627796 14.879656055178094
 11.519400999561869 2.0792249725323337 1.01084782876891 0.26678231623815724 0.029929528837805985 0.2809931997275801 0.5682275643072527 14.764659195770996
 11.511400999563731 2.079414375661121 1.0141124679592375 0.26699203905612395 0.029816539834197332 0.2800109676527514 0.5675909733027632 14.651241368452093
 11.503300999565617 2.0795958983661365 1.0172453422087242 0.2672033638646339 0.029706131108784305 0.2790573777490378 0.566963192919729 14.539357933203016
 11.49530099956748 2.079769663166242 1.020435931608213 0.2674116626991964 0.029595729454461876 0.27809825416662626 0.5663376370844185 14.428994499012154
 11.487300999569342 2.0799357877164812 1.0235905215703676 0.26761926861255314 0.029486583165822793 0.2771503433098771 0.5657174407106853 14.320108023855324
 11.479400999571181 2.080094391380944 1.0268034147734952 0.26782386242239986 0.029377425605434437 0.27619678216642335 0.5650993876018221 14.212685022846381
 11.471500999573022 2.0802455846659473 1.0299807536917138 0.26802778323953746 0.029269497927640158 0.27525424835273016 0.5644865860806366 14.10668411165091
 11.463600999574862 2.0803894819273965 1.0331211261735802 0.2682310444168721 0.029162813512002624 0.27432294350904124 0.5638790898958943 14.002093020550118
 11.4557009995767 2.0805261920107396 1.0362262523071841 0.26843365863317326 0.02905732662285879 0.2734024127704021 0.5632767113386016 13.898871596783257
 11.44780099957854 2.080655825578342 1.039294733936814 0.2686356388367921 0.028953050681008462 0.2724928567901876 0.5626795044119628 13.797008441012817
 11.440000999580356 2.08077848754133 1.0424227877584253 0.26883464729523915 0.028848709028514184 0.271577265691422 0.5620842073562796 13.696478683713996
 11.432200999582172 2.0808942795972074 1.0455161728824063 0.2690330391227872 0.028745526026169737 0.2706721557906156 0.5614938646570563 13.597244692610342
 11.424500999583964 2.0810033065474167 1.0486697215927736 0.26922847000609357 0.028642261162065336 0.269760905813636 0.5609053604246627 13.499296162512994
 11.416800999585757 2.0811056690319614 1.0517875387001319 0.26942330171152445 0.028540160004024238 0.2688602785941898 0.5603218280294051 13.40260982096872
 11.409100999587551 2.0812014632706273 1.0548705559731058 0.2696175454911008 0.028439193346080967 0.267969995318515 0.5597431472142469 13.307156401501118
 11.401400999589343 2.0812907879616596 1.0579181671261537 0.2698112129485386 0.02833936060350179 0.2670900957802051 0.5591693149152429 13.212920340351731
 11.393700999591136 2.08137373635103 1.0609313078135594 0.2700043150116306 0.02824063304003092 0.2662203045289655 0.5586002126100162 13.119873407485947
 11.386100999592905 2.0814504043210467 1.06400511696107 0.27019448993880024 0.02814178879642332 0.2653441772025817 0.5580327970624822 13.02800747640326
 11.378500999594674 2.081520880659319 1.067045313853715 0.27038411463487955 0.0280440209184722 0.26447791337380233 0.5574699902296241 12.937285421701489
 11.37100099959642 2.081585258539392 1.0701467825202269 0.2705708206056453 0.02794612162651186 0.2636052145284014 0.5569088053855528 12.847703097322096
 11.363400999598191 2.0816436241212743 1.073117623317014 0.2707593737293915 0.027850517084225958 0.262758919045643 0.5563552573898228 12.75923097446543
 11.355900999599937 2.081696065369661 1.0761509716875721 0.27094502218073274 0.02775474628156863 0.2619058718138646 0.5558031854623509 12.671852814363243
 11.348400999601683 2.081742667604893 1.079150351913952 0.2711301555327541 0.02766002448530827 0.26106253865208806 0.5552556061488639 12.585549588712878
 11.341000999603406 2.0817835147785133 1.082212840650926 0.27131239136933744 0.02756512278102542 0.2602123612649786 0.5547094428488085 12.500302584022329
 11.333500999605151 2.0818186908934737 1.0851441241982405 0.2714965211057609 0.027472475416521175 0.25938830631088056 0.5541707495547615 12.416099644423452
 11.326100999606876 2.081848276570213 1.088138986071275 0.2716777664430106 0.027379628320607294 0.25855725301185073 0.5536333881785569 12.332916716791711
 11.318700999608598 2.081872351053788 1.0911003248544509 0.2718585290995026 0.02728779064202054 0.25773561578687576 0.5531003530845291 12.250739393451411
 11.311400999610298 2.081890993306804 1.0941258228618607 0.2720364134492021 0.02719574079095095 0.256906896417089 0.5525685950732468 12.16954754898117
 11.30400099961202 2.0819042825275274 1.0970203246331562 0.2722162357462543 0.027105893429838598 0.25610387781196137 0.5520440926648771 12.089333170856143
 11.296700999613721 2.0819122925808897 1.0999794647253305 0.27239319162742703 0.027015815005108475 0.25529362794937593 0.5515207872112728 12.010070949242388
 11.289500999615397 2.0819150997017672 1.1030028300018173 0.2725672808107534 0.02692551618167564 0.2544762891755917 0.5509987208119057 11.931750703633975