 17.43060099818556 0.1431840413014301 1.9451383464924286 0.012141370367383903 0.007526482407510866 0.26060290307611644 0.9795887173945937 1.9017886683880985E+7
 14.358400998900862 0.2002618237873077 1.7917171962729102 0.02061472481501883 0.023292863746596105 0.3048376189634153 0.9884195083762298 4171035.8075750414
 13.33140099913998 0.25492098631606686 1.6302294205205394 0.02826280428714433 0.039371393426777125 0.3546810225059851 1.0017967938937873 1455503.5558636687
 12.876300999245942 0.30750592047886743 1.486695160813916 0.03529781433087038 0.053367250808342356 0.40122455843220994 1.0137892308944991 649298.6502136528
 12.653300999297862 0.35765006923990994 1.3655942999410704 0.04177725751118358 0.06485050946201833 0.4418673463616931 1.0229337591493093 339721.081239636
 12.540400999324149 0.40493793796789185 1.2654969223993264 0.04772681970229454 0.0739815201520348 0.4761402999993678 1.029143657528241 199167.97700064714
 12.483500999337396 0.4491955134518228 1.1832298581385439 0.05318442428520562 0.08111737369000267 0.5044975336810319 1.0328008401254154 127086.76067163287
 12.4560009993438 0.49051654487399 1.1153407927378205 0.05820502484965954 0.08665138141924576 0.5277781113401261 1.0344086482278163 86473.2609534038
 12.4444009993465 0.5291776948638371 1.0587881246168067 0.06285111490809255 0.0909311081471524 0.5468672185554898 1.0344257722273134 61809.651473038175
 12.441800999347105 0.5655376350144616 1.011126163479183 0.06718366836574151 0.09423496907653474 0.5625479314595945 1.0332178338332414 45898.89875671917
 12.444500999346477 0.5999593056666344 0.9704117953771755 0.07125736518449526 0.0967818850671831 0.5754876440895175 1.0310730534097075 35119.96049078345
 12.450300999345126 0.6327625910608285 0.9350805675499656 0.07511841185480274 0.09874568002047893 0.5862572573644907 1.0282264158428693 27522.942204928877
 12.458300999343264 0.6642019656375501 0.9041161367134609 0.07880010386952131 0.10024140734163521 0.5952301665873299 1.0248249365908442 21994.897706493477
 12.467700999341076 0.6944615900423627 0.8766597784108218 0.08232795063392093 0.10136569322359038 0.6027413594492319 1.0210035118561576 17867.47618217964
 12.478100999338654 0.7236614696035644 0.8521515914608839 0.08571807436370867 0.10218464350130187 0.6090133264821801 1.016853826275574 14720.831589624215
 12.489000999336117 0.7518699690124694 0.8301054351904646 0.08898165749072653 0.10275599660843228 0.6142510223907073 1.012464727809969 12280.426793127612
 12.500200999333508 0.7791191950704428 0.8102586211489853 0.09212390963515941 0.10311566797231629 0.6185674865039869 1.0078889454155047 10360.282485135187
 12.5114009993309 0.8054205411896348 0.7923612085005305 0.09514855796023472 0.10329730877544423 0.6220763717382618 1.0031803597672362 8830.528460769789
 12.52240099932834 0.8307782457858236 0.7762429227207247 0.0980579843690939 0.10332597715838021 0.6248577854570436 0.9983774711848323 7598.072841529274
 12.532900999325895 0.8551998104041941 0.7616908553944659 0.10085593031001173 0.10322874457505353 0.6270124956895122 0.9935243507227143 6594.808483446722
 12.54280099932359 0.8787025433839556 0.7485815256641539 0.10354587548163306 0.1030230123470257 0.6285991806819031 0.9886441246553149 5770.041850428906
 12.551900999321472 0.9013164997729163 0.7367273942393918 0.10613369131138992 0.10272975695269937 0.6297044167577923 0.9837672652836041 5085.558514452926
 12.560400999319492 0.9230843577921489 0.7261216935178718 0.10862338682930045 0.10235325640411863 0.6303296649794204 0.9788871476969715 4512.255744436075
 12.568000999317723 0.944059131403671 0.7164956742437393 0.1110244022504297 0.10191791875260964 0.630595048987603 0.9740413259548456 4027.7923175257233
 12.574900999316116 0.9643005967312165 0.7078234986546931 0.1133426373152861 0.10142701546516296 0.6305076140884357 0.9692210580706483 3614.8960917551367
 12.581100999314673 0.9838712892649695 0.6999743959939944 0.11558596189524163 0.10089152952837423 0.6301218234395336 0.9644355527803259 3260.153054928012
 12.586700999313368 1.0028325585364484 0.6928732867531111 0.11776112960963116 0.10031744258045597 0.6294664519782148 0.9596841653778744 2953.0811288208856
 12.591600999312227 1.0212411970563022 0.6863467218261611 0.11987616077388027 0.09971792420165435 0.6286151397385511 0.9549841946736575 2685.454773470531
 12.59610099931118 1.0391467999149122 0.6804437024067297 0.12193439369557514 0.09908909910522425 0.6275416730646507 0.9503164270782396 2450.7753593711905
 12.600100999310248 1.0565900550330896 0.6750185384947655 0.12394184170043232 0.09844191763254911 0.6263088842021487 0.9456970723820676 2243.8771702690215
 12.60370099930941 1.0736019714918636 0.6700454350179743 0.1259014295900745 0.09777848304060878 0.6249268794396714 0.9411243503025392 2060.623881629689
 12.607000999308642 1.0902039919024553 0.6655163098797502 0.12781488498096344 0.09709994137034218 0.623399378701388 0.9365960032882178 1897.6693399563899
 12.609800999307991 1.1064089232772336 0.6612745801458456 0.12968593866216588 0.09641815912617775 0.6217970012283485 0.9321359266583997 1752.2784802331494
 12.612400999307384 1.1222224921302553 0.6574495358681178 0.13151238426395256 0.09572493328345862 0.6200648256081853 0.92772313423616 1622.185653502787
 12.614600999306873 1.1376453398908517 0.6539086533995792 0.13329652472966178 0.09503054222018974 0.6182640822687847 0.9233799441641937 1505.4897895636745
 12.616600999306407 1.152675199460808 0.6507474181891073 0.1350361456478424 0.09432953624635532 0.616356270601997 0.9190928231661446 1400.5746889436919
 12.618100999306058 1.1673090069500225 0.6477880131616267 0.13673424285118493 0.09363483966011656 0.6144217612293388 0.9148910004460215 1306.049873491112
 12.619400999305755 1.1815447064261562 0.6451922119204974 0.13838750223726343 0.0929364475567015 0.6123930653041709 0.9107501858893685 1220.7042447898573
 12.620300999305545 1.1953826311050422 0.6428382397853061 0.139998273869945 0.09224300707114569 0.6103248583203953 0.9066892999746314 1143.4805665353758
 12.620800999305429 1.2088262542771198 0.6407183494329215 0.1415671267540346 0.0915552515197344 0.6082214276947829 0.9027083188238512 1073.4452842539117
 12.621000999305382 1.2218824110870061 0.6388783215669075 0.14309388171955664 0.09087034851671849 0.6060637243911567 0.8987984226305056 1009.7773146760753
 12.620900999305405 1.2345609443543133 0.6373045931705922 0.1445798023367359 0.09018910168402362 0.6038574536820849 0.8949589562686593 951.7539082200688
 12.620400999305522 1.2468739225002876 0.6359228769358296 0.1460275640472067 0.08951584057119477 0.601633151453451 0.8911974256743586 898.7407468446333
 12.619600999305709 1.2588345623754746 0.6347735121159782 0.14743767965321608 0.08884769253919118 0.599372768837638 0.8875042397710503 850.1830790681176
 12.618500999305965 1.2704560323597451 0.6338385302068238 0.1488117850156843 0.08818537838896573 0.5970827621881888 0.8838784283972745 805.5985818214531
 12.61710099930629 1.2817503032409376 0.6330984515279078 0.15015137105826756 0.08752973722851795 0.594770369625807 0.8803196629503298 764.5710589087932
 12.61530099930671 1.2927271850591147 0.6324763160518015 0.15145887180114181 0.08688499412728029 0.5924665891827482 0.8768361407737479 726.74144750607
 12.613300999307176 1.3033937145907182 0.6320762005030365 0.1527328006788386 0.08624491527232853 0.5901285573039958 0.8734114944337082 691.8001679706211
 12.611100999307688 1.313754005585286 0.6318841372125052 0.15397368446552445 0.08561041676977962 0.5877627942130802 0.8700469991618374 659.4818402928778
 12.608500999308292 1.3237902425394998 0.6317701974869488 0.15518193802061137 0.08499014570849558 0.5854272698936959 0.8667662974331521 629.6097692191609
 12.605700999308945 1.3334854178242106 0.631869971608265 0.15635318125944764 0.0843773627813357 0.583071233509912 0.8635551074117681 602.0063577377873
 12.602600999309667 1.3428715702767868 0.6321125727022586 0.1574924524438803 0.08377427376405279 0.5807170484999794 0.8604130083424449 576.3956353794213
 12.599200999310458 1.3519572023548165 0.63248396161094 0.15860080679599198 0.08318129857464884 0.578369507399338 0.857339526150296 552.5956677853376
 12.59550099931132 1.3607519921161746 0.6329717100378154 0.15967943416124364 0.08259865179289361 0.5760323042037067 0.8543334885306889 530.440620825924
 12.591600999312227 1.369265710102511 0.6336234630655626 0.16072825585135556 0.08202334557932911 0.5736854960743459 0.8513860044431323 509.7826616378738
 12.587500999313182 1.377508148989638 0.6344269536694604 0.16174844402184066 0.08145563567982138 0.5713328593951383 0.8484960490472626 490.4890545819034
 12.583100999314206 1.3854890514680616 0.6353090065424484 0.16274245704781615 0.08089891056191266 0.569001675459149 0.8456702619646853 472.4404463715549
 12.578500999315278 1.3932180590021046 0.6363178972302461 0.16371016999517024 0.0803501849382081 0.5666718319384769 0.8428998653133184 455.5303572032542
 12.573700999316396 1.400704647697164 0.6374416809286699 0.16465271409215587 0.07980964350992119 0.5643467233451843 0.8401838175838203 439.6627199878922
 12.56870099931756 1.4079580919238552 0.6386685178128624 0.1655711961327505 0.07927745639723205 0.5620296485151528 0.8375211037570975 424.75110471523584
 12.563500999318771 1.4149874371838447 0.6399856258036694 0.16646669541396295 0.07875384565841942 0.5597242623569182 0.8349109317012057 410.71798403753644
 12.558100999320027 1.4218014643882984 0.6413821744706114 0.16734025964870056 0.07823891274904544 0.5574333634918182 0.8323522247825952 397.4928810572779
 12.552500999321332 1.4284086814190828 0.642846459254758 0.16819290407362683 0.0777328129007689 0.5551600980989546 0.8298441334128797 385.012454235869
 12.54680099932266 1.434817306769198 0.6444314811806968 0.16902426245290458 0.07723253965833324 0.5528832849408926 0.8273780518228695 373.2190553670944
 12.540900999324032 1.4410352703612106 0.6460621209081713 0.16983661449295484 0.07674139982088338 0.5506300622029521 0.8249610234003035 362.0610757434198
 12.53490099932543 1.447070190944656 0.6477934837234205 0.1706295093565927 0.07625632971844964 0.5483786085551228 0.8225843693121183 351.49077361343524
 12.528700999326873 1.4529294004412743 0.6495512615145199 0.17140517112030187 0.07578054031176774 0.5461554713308018 0.820255009562963 341.465505581722
 12.52240099932834 1.4586199255319 0.6513903305551555 0.1721630658768227 0.07531105113374635 0.5439391743497974 0.8179646008746315 331.9460539763887
 12.51600099932983 1.4641485035731163 0.6533018440155257 0.17290398058979262 0.07484796416895315 0.5417320217075001 0.8157124641721455 322.89682498265756
 12.509500999331344 1.4695215829189137 0.6552771575446117 0.173628668859742 0.07439137630115601 0.5395362406839692 0.8134979613592623 314.2853634660862
 12.502800999332903 1.4747453307231404 0.6572445701119107 0.17433924621170924 0.07394427020495313 0.5373768612757054 0.8113276156997847 306.08175896655206
 12.496100999334463 1.4798256438620405 0.6593245386765314 0.17503362010328116 0.07350080671965872 0.535209215426116 0.8091861934400469 298.2589407862038
 12.489300999336047 1.4847681501161876 0.6614461671284781 0.17571383737120438 0.07306396523901981 0.5330581513872977 0.8070802908096817 290.7918044932896
 12.482300999337676 1.4895782280176375 0.6635371365829769 0.17638194114293837 0.07263671418934946 0.5309486466847753 0.8050165698919529 283.6575462811981
 12.475300999339305 1.4942610054516026 0.6657209821104509 0.17703571248197852 0.07221321568832322 0.5288355246616676 0.8029798526614885 276.83500847740345
 12.46820099934096 1.4988213801774037 0.6679251084163527 0.17767713287755432 0.07179649295159456 0.5267440121525784 0.8009770371068604 270.30512753908397
 12.461100999342612 1.5032640160454622 0.6702102862049754 0.1783053189467777 0.07138361003558617 0.5246517578843096 0.7990001689488759 264.04974677359087
 12.453900999344288 1.5075933627704274 0.6725054455922663 0.1789222128105175 0.07097747610462556 0.5225831938725422 0.7970558995678351 258.0524518855288
 12.44660099934599 1.5118136651735488 0.6748045100617318 0.17952831381486098 0.07057811698194787 0.5205396409426742 0.795143760389772 252.29813999235122
 12.439200999347712 1.5159289635474513 0.6771031442698562 0.18012409764716872 0.07018547405871249 0.5185217571079862 0.7932630562245785 246.772572072326
 12.431800999349434 1.5199431183178909 0.6794610364550339 0.1807085656260378 0.06979678790082125 0.5165081115633458 0.791406455316347 241.46293986514803
 12.424400999351157 1.5238598008976638 0.6818746407700383 0.18128213429258314 0.06941203614895806 0.5144994028932185 0.7895733981761576 236.3570152681144
 12.416900999352903 1.5276825139740309 0.6842735519924943 0.1818466655943833 0.06903402023050871 0.5125193469458983 0.7877704152909782 231.44361068821053
 12.40940099935465 1.531414598280173 0.6867198194249001 0.18240108482458128 0.06865993852760428 0.5105459531693528 0.7859900941336033 226.7122914158317
 12.40180099935642 1.5350592385641373 0.6891430246355793 0.18294722834505908 0.06829256557742756 0.5086027663426655 0.7842389520345339 222.1534170901925
 12.394200999358189 1.5386194707578662 0.6916056814423583 0.18348397578254877 0.06792912801132175 0.5066678497524331 0.7825096893062801 217.75797576293223
 12.386600999359958 1.5420981935629148 0.6941039049776113 0.18401165573073852 0.0675696503152273 0.5047420990518258 0.7808020113535937 213.5176332078631
 12.37890099936175 1.5454981674275385 0.6965686376943072 0.1845320717692918 0.06721679715975662 0.5028482827810432 0.779122188248868 209.4243939881012
 12.371200999363543 1.54882202721591 0.6990638060119957 0.1850440419785361 0.06686779822884581 0.500964269158504 0.7774629592549542 205.47085719230634
 12.363500999365337 1.5520722941414886 0.7015853412196769 0.18554785198544577 0.06652270246473019 0.49909105907043405 0.7758241622138903 201.65034512752467
 12.35580099936713 1.5552513698379733 0.7041306586222706 0.18604377382450843 0.06618148867494779 0.4972291047196719 0.7742054345896654 197.95641071598635
 12.348000999368946 1.5583615507857278 0.7066296699304772 0.18653357824778058 0.06584682124578262 0.49540122935234976 0.7726131487495023 194.3830752338234
 12.340300999370738 1.5614050253774034 0.709215234553404 0.18701449667345513 0.06551328686088555 0.4935629318587031 0.771033476571443 190.92454581174792
 12.332500999372554 1.5643838916412733 0.7117498668056824 0.187489792732178 0.06518621775240752 0.49175928694448173 0.7694794908443283 187.5756150549997
 12.32470099937437 1.5673001505267858 0.7142992416086129 0.1879581822189298 0.06486289253583663 0.48996815352622863 0.7679441202491575 184.331209096882
 12.316900999376186 1.5701557235555925 0.7168596389474542 0.1884198825964695 0.06454336612276691 0.4881904543837358 0.766427309507379 181.18686392068503
 12.309100999378003 1.5729524386855342 0.7194305672215343 0.18887510064391785 0.06422754083929746 0.4864259353899012 0.76492853700679 178.1379667745808
 12.30130099937982 1.57569205600339 0.7220087325697213 0.1893240355099453 0.06391545743446451 0.48467537771705166 0.7634477260273979 175.18054664535478
 12.293500999381635 1.5783762518595164 0.7245934528638676 0.18976687678108578 0.06360703490213702 0.48293861813004113 0.7619844278541921 172.31053950278545
 12.285700999383451 1.5810066360876922 0.7271830020151966 0.1902038065230248 0.06330224576038268 0.48121588436415186 0.76053837123474 169.52425238583513
 12.277900999385267 1.583584754502159 0.7297752337057741 0.19063499955730825 0.06300108526497557 0.4795075631973637 0.7591093655841115 166.81825845475362
 12.270100999387083 1.5861120869446852 0.7323681788477161 0.19106062320306974 0.06270354300058598 0.4778139837140761 0.7576972115545418 164.18930776809606
 12.262300999388899 1.5885900507053898 0.73496120600183 0.19148083766549864 0.06240954879719657 0.4761350022682683 0.7563015287034187 161.6341747374738
 12.254400999390738 1.5910200093849491 0.7374842509591258 0.19189736301580324 0.06212161759886775 0.4744924837350657 0.7549284370388323 159.14993388759558
 12.246600999392555 1.5934032713636819 0.740072492584373 0.19230721959627933 0.061834648980078684 0.4728433141740711 0.7535650332888918 156.73381205713952
 12.238900999394348 1.595741094624893 0.742724813115088 0.19271053653129117 0.0615486468373598 0.47118779502308844 0.7522111733698338 154.383167631512
 12.231100999396164 1.5980346836272639 0.74530405928931 0.19311059477134063 0.06126856424095473 0.46956872907810193 0.7508790438990341 152.09535010934908
 12.22330099939798 1.6002852057319354 0.747875758208554 0.19350595595113873 0.06099192770818767 0.4679652581080773 0.7495623744347854 149.86817435479924
 12.215500999399795 1.6024937744614345 0.750440095510322 0.19389674580575286 0.06071864588088715 0.46637699739857436 0.7482607552540149 147.69922513592874
 12.207800999401588 1.6046614688382606 0.7530644773707298 0.1942814947478494 0.06044623290122202 0.4647828386296507 0.7469678570683173 145.58639772717672
 12.200000999403404 1.6067893214162312 0.7556108940424304 0.1946634981233918 0.06017958011210703 0.463225274283714 0.7456957396120442 143.52755181437615
 12.192300999405198 1.60887833637921 0.758214767044781 0.19503968235545502 0.05991378493227046 0.46166226977666724 0.7444320836059448 141.5209033876581
 12.18460099940699 1.6109294699080852 0.7608083533386485 0.1954117468840508 0.05965119491475415 0.46011445357357394 0.743182563020431 139.56436792888255
 12.176800999408806 1.6129436567070197 0.7633193886377309 0.19578140515853434 0.059394308865990515 0.4586037208143988 0.7419533621304646 137.6563874487967
 12.169100999410599 1.6149217884440723 0.7658871290318643 0.19614554624889824 0.05913813719692931 0.45708718480671273 0.7407318622711054 135.7951079824922
 12.161500999412368 1.6168647300760337 0.7685108512830724 0.19650425581474093 0.05888268192451521 0.45556504960239086 0.7395179666914696 133.97893476783426
 12.15380099941416 1.6187733192170617 0.7710508070136655 0.19686085611551615 0.05863276740797373 0.45407952392606016 0.73832361073793 132.20634129185788
 12.146100999415953 1.6206483632261501 0.7735749526776892 0.19721382650095307 0.058385961648358124 0.4526097294149278 0.7371426439798736 130.4759236919866
 12.138500999417724 1.6224906405403852 0.7761540408108611 0.197561627274467 0.058139761431577744 0.45113413218837783 0.7359686686281295 128.78610624664103
 12.130900999419493 1.624300906952255 0.778716619169365 0.1979059636109741 0.057896600715899346 0.44967414567539854 0.7348076986757978 127.13566542520088
 12.123300999421263 1.626079893400779 0.7812626803801908 0.19824691810894463 0.057656420082863494 0.4482295269001841 0.7336594713298471 125.52325457913702
 12.115700999423032 1.6278283100213704 0.7837904232056665 0.19858457103619412 0.05741923865669531 0.44680064413015086 0.7325239804152394 123.94775218406457
 12.108100999424801 1.6295468349358435 0.7863017904441231 0.19891899895416337 0.05718491693075333 0.4453866087852705 0.7314007092754644 122.40774867753274
 12.100600999426549 1.6312361385833978 0.788863951436266 0.19924863106350818 0.05695117069284883 0.4439674747780643 0.7302839575466255 120.90232860286906
 12.093100999428295 1.63289686081828 0.7914078017174246 0.1995751787763781 0.05672028031511859 0.4425635226705972 0.7291792800095565 119.43028661481647
 12.08560099943004 1.634529626333662 0.7939323833495167 0.1998987127488384 0.05649223367183376 0.44117485109886195 0.728086578983406 117.99062466747283
 12.078100999431786 1.6361350369053416 0.7964386127299474 0.20021930100797683 0.05626694111575976 0.43980093912769946 0.7270055069627185 116.58222576751545
 12.070600999433532 1.6377136869016045 0.7989237774119503 0.20053701084290895 0.05604446621971101 0.43844247492691946 0.7259362160152566 115.20432729599126
 12.06310099943528 1.6392661403347601 0.8013895128095289 0.20085190599071193 0.055824691876881875 0.4370987085029199 0.7248782730097061 113.85583401248175
 12.055700999437002 1.6407929522882005 0.803905521409755 0.20116238063061825 0.05560529825420795 0.435749269903518 0.7238258494635906 112.53589845769926
 12.048300999438725 1.6422946624196204 0.8064000990380148 0.20147015726276424 0.05538861532340229 0.4344149173950957 0.7227846991318879 111.24375040767555
 12.040900999440447 1.6437717905017186 0.8088743628126531 0.20177529471561867 0.05517455139912963 0.4330950869927593 0.7217544757393047 109.97845140653003
 12.033600999442147 1.6452248464745325 0.8113983520225505 0.20207617147467583 0.05496080638326347 0.4317695010931881 0.7207294083184634 108.73924447083806
 12.026200999443871 1.6466543252416808 0.8138294705335202 0.20237619863138392 0.05475196193175703 0.43047902911918295 0.7197208388107825 107.52544704223429
 12.01890099944557 1.6480607056029493 0.8163098274094258 0.20267206837546847 0.05454339054364309 0.42918271251641554 0.7187171812475656 106.33625805229897
 12.01160099944727 1.6494444554605663 0.818768738380448 0.20296551304442945 0.05433733307194052 0.4279006661661668 0.7177239254644285 105.17095209723946
 12.004300999448969 1.6508060293742686 0.8212056724497089 0.20325658418205866 0.05413377057561106 0.42663288382763953 0.7167409695655897 104.02887574196238
 11.99700099945067 1.6521458718934279 0.8236201068091649 0.20354533222431972 0.053932684428245066 0.42537935854666786 0.7157682136993196 102.90939880180979
 11.989800999452346 1.6534644112258978 0.8260838906744876 0.2038301056722231 0.05373176564055187 0.4241196195880068 0.7147998436017756 101.81182084873058
 11.982600999454021 1.6547620720964422 0.8285243562235146 0.20411264601464124 0.053533298330217145 0.42287418084258716 0.7138415111235424 100.73564687004648
 11.975400999455697 1.6560392598385072 0.8309429050375291 0.2043929992511156 0.05333718940535756 0.4216424265615576 0.7128928750651043 99.68017349963186
 11.968200999457375 1.6572963763396649 0.8333378958593829 0.2046712110663246 0.05314346778727093 0.4204247179711643 0.711953996586563 98.64494485230043
 11.961100999459028 1.658533806642318 0.8357821438741703 0.20494561172470369 0.05294982691048414 0.4192005292320858 0.7110190594152687 97.62929817089137
 11.95400099946068 1.6597519337678044 0.838202796937182 0.20521795162280887 0.052758522598860796 0.41799019707657153 0.7100936409185081 96.63281351130688
 11.946800999462358 1.66095112238397 0.8405298972904933 0.2054899922298092 0.052571661185573576 0.41681290782060604 0.7091828394761915 95.65486488936871
 11.939800999463987 1.6621317363872619 0.8429763035354302 0.20575661490763336 0.05238267082418387 0.4156095394948044 0.7082704024466772 94.69506516935319
 11.93270099946564 1.663294125308623 0.8453285103243272 0.20602301950295532 0.052198082992165176 0.41443911873386213 0.7073723892582316 93.75286639038893
 11.92570099946727 1.6644386330455057 0.8477287307408103 0.20628579537587693 0.05201352094172044 0.4132622591235339 0.7064779621870969 92.82786770383528
 11.9187009994689 1.6655655940003702 0.8501051534783003 0.20654670393627786 0.05183115736275167 0.4120986851913614 0.7055924450552665 91.91963748219266
 11.91170099947053 1.6666753330073574 0.8524587616574245 0.2068057821984752 0.05165092359698993 0.41094794738028356 0.7047155834164094 91.02767417927356
 11.904700999472158 1.6677681684182604 0.8547893015610301 0.20706306645902325 0.051472799661401385 0.40980998716400024 0.703847284843909 90.15157634626324
 11.897800999473766 1.6688444131927043 0.8571678058902491 0.20731684993499291 0.051294633298845205 0.40866537678505316 0.7029822226601483 89.2909952310926
 11.890800999475395 1.6699043699575655 0.8594509762724877 0.2075706489680592 0.05112069732339826 0.4075530036063048 0.7021308665438961 88.4455108095629
 11.883900999477003 1.6709483329157215 0.8617830427916582 0.2078210090037447 0.05094664314691504 0.406433534918617 0.701282440826059 87.61471840118423
 11.877100999478586 1.6719765932192372 0.8641633655494197 0.2080679539568425 0.05077249204730169 0.40530720107169826 0.7004369846400562 86.79830382631769
 11.870200999480192 1.6729894332472888 0.8664483493408798 0.20831501670035102 0.05060248067586121 0.4042126636918518 0.6996048657693097 85.99588285278973
 11.863400999481776 1.6739871275798996 0.8687819671963529 0.20855872183604482 0.050432320635330985 0.40311099867577505 0.6987754942075771 85.2071247678244
 11.856600999483359 1.6749699459648126 0.8710926435602756 0.20880085208373309 0.05026410549642706 0.40202138311404284 0.6979539623258384 84.43166740590185
 11.849800999484941 1.6759381537384759 0.873378997817645 0.2090414378278505 0.05009786156824012 0.4009441183453359 0.6971403372660614 83.66927577796696
 11.843000999486526 1.67689200601302 0.8756421201564821 0.2092805082465947 0.04993352308343118 0.39987875208650475 0.6963343791844859 82.91957036425349
 11.836300999488085 1.677831754283598 0.8779542769016037 0.20951632200205098 0.04976896721404228 0.39880596925869516 0.695530841169368 82.18225649821453
 11.829600999489644 1.678757642787913 0.8802436869172776 0.20975067118148677 0.04960626597690306 0.39774480985710375 0.6947347562276637 81.45701334518297
 11.822900999491205 1.679669914196212 0.8825090090605535 0.2099835836323608 0.04944544552663051 0.39669556729159017 0.6939461932859811 80.74363913181966
 11.816200999492764 1.6805688016787688 0.8847507869497856 0.21021508607698122 0.04928646265516628 0.3956579652856682 0.6931649896176599 80.04182656479207
 11.809500999494325 1.6814545330258146 0.8869695275501546 0.21044520462495064 0.04912927624245732 0.39463174231866066 0.6923909897380245 79.35128009358445
 11.802900999495861 1.6823273335318785 0.8892377720988102 0.21067218019886227 0.048971792741549565 0.3935977595652946 0.6916190350473744 78.6717471752885
 11.796300999497397 1.6831874207032724 0.891482932539637 0.2108978168184849 0.048816078490061705 0.3925750573181235 0.6908541541967104 78.0029826610483
 11.789700999498935 1.6840350097688777 0.893704940493123 0.2111221392176997 0.04866211470099974 0.3915635522696007 0.6900962676484914 77.34474824154697
 11.783200999500448 1.6848703107242717 0.8959758714878392 0.21134337791511004 0.04850784727894503 0.3905443946142266 0.6893403443618409 76.69684867929215
 11.776600999501985 1.685693526157736 0.8981514499482559 0.2115651405081761 0.048357333910220984 0.3895550650708296 0.6885962274456842 76.0589868435883
 11.770100999503498 1.686504857260138 0.900376560402439 0.2117838600592962 0.04820646840740966 0.3885577980613184 0.6878538758232534 75.43098153498049
 11.763600999505012 1.6873044985065586 0.9025790295882518 0.2120013525464121 0.048057268039489995 0.38757127447835305 0.6871181661556556 74.81258494732137
 11.757100999506525 1.6880926426697023 0.904758205553088 0.21221764016866437 0.047909736931919376 0.3865955921897558 0.6863890980985992 74.20362508734155
 11.750700999508016 1.6888694752611606 0.9069876624029403 0.21243093643058658 0.04776180344812025 0.38561170017095864 0.6856615727610347 73.60386841198611
 11.744200999509529 1.689635181492059 0.9091208066887881 0.21264487551506187 0.04761754130321756 0.3846573026777039 0.6849455100739231 73.0131527782721
 11.737800999511018 1.6903899370601057 0.9113049114795543 0.21285585917682182 0.04747282937123282 0.3836944053955134 0.6842307992485116 72.4312217587555
 11.731400999512509 1.6911339201083517 0.9134657084180472 0.21306571581229006 0.0473297269642215 0.3827420792571981 0.6835224711382537 71.85795819466742
 11.725100999513975 1.691867301158134 0.9156769827147537 0.21327264611530178 0.047186182984834214 0.381781400431516 0.6828154893946927 71.29314963669631
 11.718700999515466 1.6925902464670701 0.9177924316586193 0.21348030438834564 0.0470462088301038 0.3808496270128297 0.6821195808491434 70.73662032409595
 11.712400999516932 1.69330292098627 0.9199590539886319 0.2136850690290119 0.046905747498994586 0.3799092163191881 0.6814248363789287 70.18816931083576
 11.7061009995184 1.6940054846763863 0.9221030537326709 0.21388877745548096 0.04676681612073325 0.37897892246426645 0.6807361537673884 69.64766396271757
 11.699800999519866 1.6946980954261472 0.9242244412871042 0.21409144790763676 0.04662939794021734 0.37805865952877654 0.6800534649358828 69.11494271337385
 11.69360099952131 1.6953809056469287 0.9263972403019063 0.21429126540513066 0.04649146741144532 0.3771296650231253 0.6793718120371195 68.58981761393677
 11.687300999522776 1.6960540677878957 0.9284740850876432 0.21449191000731582 0.04635701043547721 0.3762290681812373 0.6787008551856928 68.07216741908091
 11.68110099952422 1.6967177282264196 0.930601824305364 0.21468973081694967 0.04622204038401365 0.37531981749327087 0.6780309073165395 67.56184427839486
 11.674900999525663 1.6973720289291339 0.9327083349128604 0.21488657679497863 0.04608848577358117 0.37441996891253104 0.6773665755902838 67.05864027979432
 11.668700999527108 1.6980171155884856 0.9347917605120075 0.21508246484191573 0.04595639575203327 0.3735299799306695 0.6767080172493853 66.56250801745057
 11.662600999528527 1.6986531233713476 0.9369269714202424 0.21527556468205286 0.04582374774877322 0.372631065557884 0.6760502770463496 66.07324874562005
 11.656400999529971 1.6992801874456265 0.9389668399864541 0.21546958106133635 0.04569445931856475 0.37175986403893774 0.6754028013219674 65.59072744353264
 11.65030099953139 1.6998984403336734 0.9410592515047949 0.21566083495231086 0.045564570610477126 0.3708794590716642 0.6747559776090438 65.11478507732109
 11.644200999532812 1.7005080150007168 0.9431287701887516 0.21585118767036612 0.045436094553007476 0.3700086475338347 0.6741147104727465 64.6453844507487
 11.63820099953421 1.7011090351984355 0.94525107406893 0.21603879720866967 0.04530700608226308 0.36912858752688993 0.6734740300334714 64.18231122840315
 11.632100999535629 1.7017016288204165 0.947277139953237 0.21622738844066655 0.04518124076626667 0.3682761276934106 0.672843457985225 63.72551871400291
 11.626100999537027 1.7022859147300178 0.949356137893986 0.21641325993924895 0.04505484314614963 0.36741432212119285 0.672213384900803 63.27481552408354
 11.620100999538423 1.702862014194502 0.9514134118125109 0.21659828209797682 0.04492977664185162 0.3665615822902046 0.671588553798958 62.83013047576018
 11.61410099953982 1.703430044925228 0.9534493075876989 0.21678246858073047 0.04480601678967899 0.365717743707761 0.6709688730905767 62.39133680510923
 11.608100999541216 1.7039901220694733 0.9554638857607055 0.21696583275316086 0.04468354905335996 0.36488272406392014 0.6703542853681368 61.95832425622123
 11.60220099954259 1.7045423572001202 0.9575311701063383 0.2171465159394754 0.04456044020762643 0.3640383999641917 0.6697401265602804 61.530987552293524
 11.596200999543987 1.7050868613511267 0.9595032829446788 0.2173282717273847 0.044440520026889925 0.36322081849154286 0.6691355757932671 61.109220146329164
 11.590300999545361 1.705623743479646 0.961528285994773 0.21750736705217444 0.04431993961572055 0.362393833281228 0.6685313710381477 60.69292172654042
 11.584400999546736 1.706153109495016 0.9635322347722731 0.2176856858351078 0.04420060562818306 0.36157541996157927 0.6679320711481822 60.28199250441838
 11.578600999548085 1.7066750637662267 0.9655893460538691 0.2178613586097171 0.0440806008783 0.3607475592543763 0.6673330619615945 59.876334892647264
 11.57270099954946 1.707189706902036 0.9675520354165075 0.21803815777435648 0.04396370272912293 0.3599459105327746 0.6667433545864783 59.47582620002265
 11.566900999550809 1.7076971430717334 0.96956744601095 0.21821232983673897 0.04384613656299574 0.3591348943502273 0.6661539315132123 59.08042922486991
 11.56110099955216 1.7081974665762547 0.9715627356670067 0.21838576733327586 0.043729751820011896 0.35833202953439175 0.6655691612910967 58.68999847890254
 11.555300999553511 1.7086907769924258 0.9735373481308094 0.21855848189471883 0.043614555981367285 0.3575374127711546 0.6649890632083811 58.30447235340795
 11.54950099955486 1.7091771674252516 0.9754913360697638 0.21873048434695713 0.043500536769140175 0.35675097327456445 0.664413589240427 57.92376509972347
 11.543700999556211 1.7096567326945213 0.9774247822749267 0.2189017857571956 0.043387680981706034 0.355972632306272 0.6638426878104603 57.547790888004876
 11.538000999557537 1.710129562907738 0.9794121383373963 0.21907049790801508 0.04327410153585265 0.3551845734285031 0.6632718404014433 57.17646802511374
 11.532300999558865 1.7105957481720535 0.9813791455410829 0.21923852518552586 0.04316166907177679 0.35440452441009007 0.6627054951690762 56.809715186528784
 11.526600999560193 1.7110553770035308 0.9833258731167241 0.21940587792397362 0.043050371343108414 0.35363241251623545 0.6621436043382992 56.44745314604001
 11.520900999561519 1.7115085354793458 0.9852523916015247 0.21957256616516638 0.04294019627204087 0.35286816576159624 0.6615861209228466 56.08960458752646
 11.515200999562847 1.7119553066261548 0.9871600308960622 0.21973859957924438 0.04283109138148763 0.3521113695971842 0.6610328583205065 55.73604136967548
 11.509600999564151 1.7123957774980572 0.9891215452472534 0.21990207775922282 0.04272124995484178 0.35134485430107965 0.6604795700069452 55.386768552304034
 11.504000999565454 1.7128300300558363 0.9910625133930563 0.22006491616649557 0.042612523333487466 0.35058621331265943 0.6599306442384679 55.041712743693324
 11.498400999566758 1.713258142506858 0.9929842663953373 0.2202271239193077 0.04250485958096201 0.3498350346250358 0.6593858965045066 54.70075128477099
 11.492800999568063 1.7136801944534814 0.9948868690515613 0.22038871033307994 0.04239824766969164 0.34909125222349097 0.6588452836664905 54.363815619522065
 11.487200999569366 1.7140962668265862 0.9967685324514796 0.22054968491233648 0.04229273574095499 0.3483553019216548 0.6583089677367556 54.030913647043086
 11.481700999570647 1.7145064318776362 0.9987065652800459 0.22070813378619625 0.042186395843913455 0.34760895485876764 0.6577722778581926 53.70187774104503
 11.476100999571951 1.7149107678379256 1.0005497445076215 0.22086790836999345 0.0420829542067429 0.34688764217170365 0.6572440917216709 53.376718225786135
 11.47060099957323 1.7153093476500414 1.0024488873933417 0.2210251703482341 0.04197868985540362 0.34615601798962947 0.656715538493373 53.05532159734044
 11.465100999574512 1.7157022454767512 1.0043280959865433 0.2211818507087686 0.041875468371289824 0.3454318343729631 0.656191064234939 52.73767510007675
 11.459600999575793 1.7160895320866152 1.006188082110284 0.22133795774175416 0.04177325892675726 0.34471485434367005 0.6556705576728592 52.4236923921534
 11.454200999577049 1.716471277116132 1.0081044423757257 0.22149156587563065 0.04167021219554685 0.34398748618745023 0.655149615453553 52.11328925364878
 11.44870099957833 1.716847550429384 1.0099268941910893 0.22164654849587148 0.04156997855747599 0.3432845701999589 0.6546368629394317 51.80643136837228
 11.443300999579588 1.717218421741538 1.0118046898548323 0.22179904409733306 0.04146893309240278 0.3425715203658725 0.6541237531286375 51.503086028128806
 11.437900999580844 1.7175839561114754 1.0136642826075815 0.22195099403501978 0.04136884493219927 0.3418652933226583 0.6536144023318756 51.20314817323147
 11.432500999582102 1.7179442209247742 1.0155045211312517 0.22210240624758457 0.041269742363820555 0.34116615330208006 0.6531089051609599 50.90661034073067
 11.427200999583336 1.7182992816083331 1.0174011324470138 0.22225134348584405 0.041169794884179704 0.3404566410753896 0.6526029191762007 50.61339501569006
 11.421800999584594 1.7186491999665467 1.0192048125963544 0.22240170065893652 0.04107257825352139 0.3397710105982701 0.6521048198433704 50.32342451850001
 11.416500999585827 1.7189940411995546 1.021064475941342 0.22254959337030325 0.04097452275714467 0.33907509378599276 0.6516062436312238 50.03669536765467
 11.411100999587084 1.7193338663968036 1.0228306875987907 0.22269892534001945 0.04087919096828365 0.33840305153195527 0.6511155235406345 49.75313217090704
 11.405800999588319 1.7196687373939332 1.024653755843577 0.22284580289780848 0.04078298748331234 0.3377204754568063 0.6506242030000406 49.47268512051648
 11.400500999589552 1.719998714435282 1.0264580478460714 0.22299218253466796 0.0406877162618135 0.337044652585172 0.6501365265017345 49.19532842255443
 11.395300999590763 1.7203238547675441 1.0283201120886167 0.22313611282249582 0.040591548240397714 0.33635810307590447 0.6496481516464717 48.92096800021888
 11.390000999591997 1.7206442189071691 1.0300890248364707 0.2232815150581729 0.04049805824769582 0.3356951306026978 0.6491674609703348 48.649579389002255
 11.384800999593208 1.7209598645118078 1.0319147009135348 0.2234244775850064 0.04040369717828889 0.33502168273448835 0.6486861533610448 48.38113948183974
 11.379600999594418 1.721270847976864 1.0337220168742274 0.22356696522639752 0.04031023660293074 0.334354787763255 0.6482083637600842 48.11560270802284
 11.374400999595629 1.7215772241883371 1.0355116942561744 0.22370898446315815 0.040217647908883075 0.333694219882077 0.6477339888442091 47.85290163887285
 11.36920099959684 1.7218790476292358 1.0372844469113975 0.22385054173556646 0.040125902974126784 0.33303975691968113 0.6472629268615625 47.59297037864286
 11.364000999598051 1.7221763752189536 1.0390384908337902 0.22399164381257247 0.04003504958554948 0.3323918278443952 0.6467953420307907 47.33583331932887
 11.35890099959924 1.7224692571993967 1.0408511974420294 0.22413032342016856 0.039943263567814774 0.3317329591772702 0.6463269034994332 47.081381514789975
 11.353700999600449 1.722757749256308 1.0425700093812902 0.22427053142460135 0.03985411215067789 0.33109745254078965 0.6458659789520498 46.82963995910255
 11.348600999601636 1.7230419001292794 1.0443477210803769 0.22440832509238148 0.03976401669195919 0.3304509355199961 0.645404153128743 46.58050222719382
 11.343500999602824 1.7233217633071485 1.0461077676346942 0.22454568398444832 0.03967476440072091 0.32981060090747305 0.6449456214269982 46.333972665531235
 11.338400999604012 1.7235973885042186 1.0478502519777717 0.22468261399471368 0.039586346181469494 0.32917638800581484 0.6444903491581293 46.09001184555857
 11.333300999605198 1.7238688241443945 1.0495765083024222 0.2248191208594106 0.03949871617228433 0.32854791941884753 0.6440381723057804 45.8485383481545
 11.328300999606363 1.7241361214630098 1.0513603175371962 0.22495322491125835 0.039410182403278614 0.32790883053159037 0.6435852198585957 45.60957948217863
 11.32320099960755 1.7243993265734519 1.0530519328338337 0.22508890107476184 0.03932418089229791 0.3272923449673408 0.6431394078078603 45.37305501985606
 11.318200999608715 1.7246584898955255 1.0548013290440375 0.22522218176255077 0.03923726492551551 0.3266651722625778 0.6426927757770735 45.138971729380295
 11.31320099960988 1.7249136531764226 1.0565355460408097 0.225355057666231 0.03915109113504562 0.3260434047478683 0.6422490649721389 44.907208972920955
 11.308200999611042 1.725164869167524 1.0582515597226991 0.22548753514373324 0.03906574379636312 0.3254277853532632 0.6418085690205255 44.67783729026322
 11.303200999612207 1.7254121790114718 1.0599513253984887 0.22561961904624733 0.03898115949976258 0.32481778277626444 0.6413710623898985 44.450759524250685
 11.298200999613371 1.7256556277954296 1.061634942154379 0.22575131474957552 0.03889733005087201 0.32421334173068517 0.640936513568612 44.225941950628076
 11.293300999614512 1.7258952626070043 1.0633769762242773 0.2258806277537962 0.03881256621316805 0.3235980925324183 0.6405010573558497 44.003393403334606
 11.288400999615654 1.7261311246184003 1.065103092291363 0.2260095590323231 0.038728547298165 0.3229883417827126 0.6400685177236568 43.783039540984724
 11.283400999616816 1.7263632587753268 1.0667363558651672 0.22614011814157717 0.03864701458804287 0.32240094645030093 0.6396429393398223 43.56488966284023
 11.278500999617957 1.726591705131696 1.0684296334694108 0.2262683035148051 0.03856449605323003 0.321802331534115 0.6392162632969348 43.34887171501073
 11.273600999619099 1.7268165060819518 1.0701072736187425 0.22639612238310874 0.038482699115675936 0.32120905709923414 0.6387924142023833 43.13495459922265
 11.268800999620217 1.7270377063272795 1.0718433205724922 0.2265215699480127 0.03839996776259707 0.32060502157669474 0.6383676418289134 42.92316977614594
 11.263900999621358 1.7272553414589245 1.0734887120636802 0.22664866877269374 0.03831963134500727 0.32002261663544007 0.6379495002554075 42.71340566930232
 11.259100999622476 1.7274694558947654 1.0751933731534264 0.22677340189085007 0.03823833264990439 0.3194292301873263 0.6375303313936482 42.505694108853554
 11.254200999623615 1.7276800858524592 1.076806882198771 0.22689979990392525 0.038159426891248675 0.3188574914768397 0.637117782699393 42.299966163407845
 11.249400999624733 1.7278872735330095 1.0784798774560866 0.22702383763719863 0.03807955009229852 0.31827471515100775 0.636704170318055 42.09623408153377
 11.24460099962585 1.7280910562673977 1.0801365717097602 0.22714753370642593 0.03800039252531329 0.31769733403020933 0.6362933620821664 41.89446944857187
 11.239800999626969 1.7282914703537584 1.0817782841070027 0.22727089244709692 0.03792191149026763 0.3171249907707288 0.6358852046938288 41.694606023038354
 11.235100999628063 1.7284885559362004 1.0834798736874183 0.22739189474835403 0.03784245149287348 0.3165415630303507 0.6354759468271589 41.496656095882756
 11.230300999629181 1.7286823469682118 1.0850906855473226 0.2275145906143918 0.03776534062245215 0.3159794786000367 0.6350731447216235 41.30055427406137
 11.225600999630275 1.7288728821597878 1.0867615910961035 0.22763493488227576 0.037687242469885314 0.31540625591832105 0.6346692077461091 41.10631397297615
 11.220800999631392 1.729060197167184 1.0883412239599448 0.22775698555338825 0.03761149222156915 0.31485439762112133 0.6342717188723717 40.91389012453323
 11.216100999632486 1.7292443269540867 1.089981158571082 0.2278766892331077 0.037534746768550176 0.31429134994232927 0.6338730622839222 40.72327769592025
 11.21140099963358 1.7294253054078188 1.0916060705403452 0.22799607782517556 0.037458659734565525 0.3137332502805578 0.6334769792458076 40.53443234188787
 11.206700999634675 1.7296031671822574 1.0932166574938733 0.22811515550361178 0.0373832070804457 0.3131799013303691 0.6330833823038318 40.3473112019872
 11.20200099963577 1.7297779482593454 1.094811134967574 0.22823392662467196 0.03730843555736386 0.31263172155585456 0.6326924356705544 40.16194793251719
 11.19740099963684 1.7299496800770626 1.0964670115638881 0.22835035561822148 0.03723264064727511 0.3120721344812289 0.6323002110981822 39.97828118554059
 11.192700999637935 1.7301183956466502 1.0980320495585452 0.2284685232177922 0.03715914340498606 0.31153355820598294 0.6319142467084138 39.796287760494565
 11.188100999639007 1.730284128701153 1.0996580719055253 0.22858435296192336 0.0370846330230343 0.3109836800998672 0.6315270363235147 39.61596440196742
 11.183500999640076 1.7304469113562218 1.1012689824321493 0.22869988806063377 0.03701076578199721 0.3104386793441793 0.6311423333111698 39.43728889460204
 11.178900999641147 1.7306067742581568 1.1028654862608531 0.22881513220214592 0.03693751790275592 0.30989835945056426 0.6307600513526467 39.2602208768389
 11.174300999642218 1.7307637478662536 1.1044476794416966 0.2289300890560201 0.0368648829380996 0.30936267472808243 0.6303801658543202 39.08473880623378
 11.16970099964329 1.7309178651116475 1.1060143827975346 0.22904476262494933 0.03679289026696166 0.30883189221941093 0.6300027797059641 38.91085898329479
 11.16510099964436 1.7310691555204425 1.107566938901075 0.22915915646746446 0.03672149839271652 0.30830566036033685 0.6296277433496116 38.738523177096646
 11.160600999645409 1.7312176474586367 1.109181741229376 0.2292712196849383 0.03664906028579915 0.30776787736443906 0.6292513302123521 38.56771219050837
 11.156100999646457 1.7313633715227623 1.1107819699750745 0.22938300660043967 0.036577233889982484 0.30723475468826933 0.6288773019974181 38.3984236522412
 11.151500999647528 1.7315063572314529 1.112291323705989 0.22949657876167295 0.0365076503969404 0.30672228123358547 0.6285093263636247 38.230638006257905
 11.147000999648576 1.7316466338050962 1.1138626044421311 0.2296078256020063 0.03643702798487383 0.3061983421254211 0.6281399941538993 38.06433598093809
 11.142500999649624 1.7317842283468212 1.1154195480391091 0.2297188065305673 0.03636699999845586 0.3056789419105193 0.6277729806525141 37.899498299025815
 11.13800099965067 1.7319191696221758 1.1169622222070403 0.22982952504230542 0.036297561060882146 0.3051640432931268 0.6274082650642006 37.736106388408736
 11.133500999651718 1.7320514829459688 1.1184913285203517 0.22993998417971453 0.03622868836290326 0.3046534559710183 0.627045764632244 37.57412416504815
 11.129100999652742 1.7321811988564495 1.120082174296574 0.2300481205790724 0.03615878613576802 0.3041315064060888 0.6266819333990366 37.413568725924534
 11.12460099965379 1.7323083409811761 1.1215837796454975 0.2301580694545942 0.03609104898012324 0.30362959363743713 0.626323869112459 37.25436931105803
 11.120200999654815 1.7324329383786334 1.1231466842806301 0.23026569836626995 0.036022293699459314 0.30311643141943695 0.6259645116390223 37.09657924379037
 11.11580099965584 1.7325550148107953 1.1246963706520607 0.23037307727825426 0.03595408770674492 0.30260746318594084 0.6256073023660217 36.94012805533984
 11.111400999656864 1.7326745980790546 1.1262316543085535 0.23048020959169382 0.035886460384389716 0.30210295539572024 0.6252523449966916 36.78503420983217
 11.107000999657888 1.73279171048822 1.1277544997520002 0.2305870979816801 0.03581935462005889 0.3016024158107332 0.6248994338467339 36.631228141106526
 11.102600999658913 1.7329063812020917 1.129262469248303 0.23069374604065057 0.03575283416123838 0.30110641236631475 0.6245487957066064 36.478763527839554
 11.098200999659937 1.733018631660433 1.1307568946570834 0.2308001563380672 0.03568685940043212 0.3006146060093023 0.6242002877181454 36.32758916851641
 11.093900999660939 1.7331284864647325 1.1323150825117863 0.23090425048784982 0.03561980280450103 0.3001110229888612 0.6238502485272177 36.177671780070405
 11.089500999661963 1.7332359708413574 1.1337826528945216 0.23101019255334596 0.03555490678318766 0.2996275221931814 0.6235059511590334 36.029030404273975
 11.085200999662964 1.7333411087826955 1.1353135440966322 0.23111382095374697 0.035488940580527845 0.29913235860879034 0.6231601613100298 35.88163195913767
 11.080800999663989 1.7334439226381086 1.1367539271330156 0.23121930642774974 0.03542512040439677 0.29865717090194405 0.6228200593120429 35.73547879725835
 11.07650099966499 1.7335444343560737 1.1382584304648578 0.23132248008392367 0.035360208084759426 0.2981701380932501 0.6224783833505609 35.59052166170474
 11.072200999665991 1.7336426691588287 1.1397492388459751 0.2314254299297981 0.03529583330526766 0.29768727469587325 0.6221388003531627 35.44677957152891
 11.067900999666993 1.7337386481329702 1.1412270449313433 0.23152815852047606 0.035231974453713254 0.29720839835012647 0.6218012316732501 35.30422118980503
 11.06370099966797 1.7338323937373579 1.142768007339402 0.2316285749891006 0.03516705471849837 0.2967179630817653 0.6214621968061866 35.1628494639166
 11.059400999668972 1.7339239276385197 1.1442194083352482 0.23173086745599766 0.03510423285968262 0.2962471264575266 0.6211286716943819 35.0226328110765
 11.05520099966995 1.7340132715563012 1.1457347768641546 0.2318308496547835 0.035040328036906855 0.29576454715145967 0.6207935983925239 34.883557572877194
 11.05090099967095 1.73410044741223 1.1471600636549546 0.23193271662811665 0.034978524295815556 0.295301614105557 0.6204640445500545 34.745626712374886
 11.046700999671929 1.7341854755812378 1.1486488661189347 0.23203227506026702 0.03491564965854848 0.2948270546993283 0.6201329835564401 34.60882674127032
 11.042500999672907 1.7342683764517761 1.1501257401725618 0.23213162448758398 0.03485325105476682 0.2943561708486379 0.6198037864254068 34.47311135615793
 11.038300999673885 1.7343491724420592 1.1515888914160795 0.23223076767330988 0.0347913739484891 0.2938893704309372 0.6194766157978365 34.33851673867495
 11.034100999674862 1.7344278804574436 1.1530402582365786 0.23232970664643707 0.03472996391159768 0.29342618034047885 0.6191512748659735 34.2049809345689
 11.02990099967584 1.734504524803619 1.154478042291221 0.23242844443071367 0.03466906636290146 0.2929670084148712 0.6188279259044699 34.07253992424776
 11.025700999676818 1.7345791221087323 1.1559035617756912 0.23252698302529098 0.034608643624418144 0.29251152891929866 0.6185064324478757 33.94114865197386
 11.021600999677773 1.7346516944007704 1.1573924995460385 0.23262321452553364 0.03454715772630112 0.2920445158581122 0.6181834523806486 33.81082749005361
 11.01740099967875 1.7347222579846167 1.158793076229817 0.23272136046066577 0.03448769069822292 0.2915964929758681 0.6178656886099931 33.68151519801683
 11.013300999679705 1.734790834063732 1.1602578749401444 0.23281720053570162 0.03442713929918365 0.2911367582545576 0.6175463595993028 33.553232292275275
 11.009100999680683 1.7348574402814754 1.1616331579634094 0.23291496317132568 0.03436862752838067 0.29069621441630183 0.6172323201737184 33.42596708420889
 11.005000999681638 1.7349220973970503 1.163072839213841 0.23301042131715158 0.034309026873290814 0.29024392763734763 0.6169166969929584 33.299707237254935
 11.000900999682592 1.734984822642823 1.1645000589469032 0.23310569105848067 0.03424989666462295 0.2897953299440181 0.6166029075633821 33.17444177459871
 10.996800999683547 1.7350456319095604 1.1659161503867808 0.2332007743203977 0.03419119944356451 0.2893500961418412 0.6162908158034316 33.050127303710646
 10.992800999684478 1.7351045472569269 1.1673956527635303 0.23329355160162266 0.03413144470344865 0.2888934056133777 0.6159772504811853 32.92681613135053
 10.988700999685433 1.7351615846922017 1.1687865769388612 0.23338826771316432 0.03407368560439916 0.28845555461605027 0.6156688114867368 32.804449197138176
 10.984600999686387 1.7352167618938947 1.17016469389967 0.23348280422574935 0.03401639675826748 0.28802141581989094 0.6153622021502299 32.68304754131787
 10.980600999687319 1.7352700959630327 1.1716083405880278 0.2335750360599566 0.03395799510409629 0.2875753433320327 0.6150539165834324 32.56256889308914
 10.97660099968825 1.7353216033497334 1.1730405942480069 0.23366708914570888 0.03390002700675903 0.2871326661024958 0.6147473260247999 32.443002707076516
 10.972500999689204 1.7353713040683887 1.1743826103516946 0.23376109639084405 0.033844079383354736 0.28670907994968203 0.6144459485455344 32.32438481663343
 10.968500999690136 1.7354192121175671 1.1757903960839051 0.23385280028717517 0.03378701335321008 0.2862735222507969 0.6141428718641855 32.20665866726904
 10.964500999691067 1.7354653446891575 1.1771866875286354 0.23394433175511348 0.03373037700602754 0.2858413427555999 0.6138414735889788 32.08982145229665
 10.960500999691998 1.7355097193986562 1.1785706034207075 0.23403569298134955 0.03367419114885793 0.285412731667679 0.6135418282454183 31.973886453497563
 10.95650099969293 1.7355523519359761 1.179943152025742 0.23412688589600492 0.03361842741985298 0.284987443064109 0.6132438322412763 31.85882043780612
 10.952600999693837 1.7355932578386135 1.1813811937988254 0.23421577394304308 0.03356155822062406 0.2845503088484011 0.6129441802276998 31.74462159855403
 10.948600999694769 1.7356324552473772 1.182729976151303 0.23430663471471952 0.033506661660922386 0.2841318830558232 0.6126495635093031 31.6312947582388
 10.9446009996957 1.7356699588746227 1.1840666559133606 0.23439733316102407 0.033452200086840654 0.28371691035225904 0.6123566404615987 31.51883056508136
 10.940700999696608 1.735705781526255 1.1854703097319996 0.23448572757209554 0.03339659554958824 0.28328976975198616 0.6120619229793951 31.407174652897794
 10.936800999697516 1.7357399428429114 1.1868620218212769 0.23457396050642546 0.03334142239222287 0.2828660573641606 0.6117688842457394 31.296362401603602
 10.932900999698424 1.7357724584033447 1.188241235256157 0.23466203389732532 0.03328669291930963 0.2824458878120379 0.6114775682673456 31.18639949035119
 10.928900999699355 1.7358033401074016 1.1895327052073017 0.23475209715730522 0.03323387552980382 0.2820439237431635 0.6111910644259205 31.077231740560453
 10.925000999700263 1.735832604073407 1.1908902122453902 0.23483985791978765 0.03317994061796159 0.2816300317255462 0.6109028551048619 30.968865836376697
 10.921200999701147 1.735860267018766 1.1923132619654682 0.23492531356981314 0.03312490562775234 0.28120436705313206 0.6106130026976738 30.86130698092131
 10.917300999702057 1.7358863415174572 1.1936481154670384 0.23501276630282789 0.03307178642904012 0.2807969575120571 0.6103279735940647 30.754532020516443
 10.913400999702965 1.735910843626103 1.1949714269802503 0.23510006858593843 0.03301907663212027 0.2803928113072878 0.6100445391278683 30.648546711301933
 10.90960099970385 1.7359337873038205 1.1963611169724393 0.23518506636692954 0.03296524631027721 0.27997672049730377 0.6097593851470547 30.543328097205485
 10.905700999704758 1.7359551878311974 1.1976621603324238 0.2352720715526233 0.03291333105349988 0.2795788979047516 0.6094790494669801 30.438881988192
 10.901900999705642 1.735975057361721 1.1990297396955945 0.2353567725403628 0.03286029199533598 0.2791691078237269 0.6091969810532126 30.335185819473978
 10.89800099970655 1.7359934111112592 1.2003094065469126 0.23544348742897422 0.03280914134032091 0.2787773611460503 0.608919632515215 30.2322308738677
 10.894200999707435 1.7360102650184819 1.2016545155643628 0.23552789893918438 0.03275689540625897 0.27837390741323575 0.6086406533497793 30.13003841544747
 10.89040099970832 1.736025629780145 1.2029891052585027 0.23561216725122375 0.03270502627256178 0.2779734518380101 0.6083631460385696 30.028571504868992
 10.886600999709204 1.7360395208442272 1.2043126359214646 0.2356962943124616 0.032653545852907334 0.2775761052919427 0.6080871530927437 29.927836105501967
 10.882800999710089 1.7360519509777137 1.205625149894818 0.2357802817088705 0.03260245134060446 0.27718184721714545 0.6078126637200789 29.827824906814037
 10.879000999710973 1.7360629328751047 1.206927966329493 0.235864131018791 0.032551707665629905 0.27679036922035477 0.6075395493284661 29.728501195592877
 10.875300999711834 1.7360724829144742 1.2082960020959526 0.2359456747481006 0.032499880337131616 0.2763873001759767 0.6072648435423353 29.62991465739613
 10.87150099971272 1.7360806094309897 1.2095777538840415 0.2360292515108689 0.03244987765326995 0.27600174453960336 0.6069946203825405 29.531986336356184
 10.867800999713582 1.7360873303077275 1.2109248739426908 0.23611052296019536 0.03239878828474516 0.27560457686398726 0.6067227935640174 29.43477993548216
 10.864000999714467 1.7360926560111645 1.212184254797201 0.236193834032834 0.03234955276836973 0.27522519477039786 0.6064555543120301 29.338252513176627
 10.860300999715328 1.7360965998784235 1.2135103979786661 0.23627483974063573 0.03229919627783053 0.27483390009025616 0.6061865852023608 29.24240382527869
 10.85660099971619 1.7360991735869458 1.2148266070169427 0.23635571412706385 0.03224919092548364 0.27444541078914364 0.6059189881574453 29.147212894646408
 10.852800999717074 1.7361003902241843 1.2160549326123675 0.23643863741561946 0.03220103211231619 0.27407465842204626 0.6056559498462486 29.052686221686006