   19.054700997807419       0.20142455870718975        1.9062409655141455        1.5624126100138497E-002   1.1748126296752918E-002  0.27084935967052481       0.97834841684535800        8411988.5045714378     
   15.816800998561302       0.27944112772898588        1.6788039672225532        2.6113021581500563E-002   3.4568907172415710E-002  0.33927927352279058       0.99728172330127385        1898054.8257905268     
   14.707400998819605       0.35359591482100100        1.4503617683489716        3.5535035863521407E-002   5.7076435928335334E-002  0.41487870805521010        1.0211829071513547        671555.32446403534     
   14.205600998936440       0.42444023587589486        1.2537841361939950        4.4161354748763267E-002   7.6133315543557123E-002  0.48517999706691889        1.0420352577635843        302184.05514530756     
   13.952800998995299       0.49154580667403458        1.0922434547126307        5.2070056419803321E-002   9.1303881391585240E-002  0.54637695858035640        1.0579678546306877        159022.19353807787     
   13.818800999026498       0.55443271876345934       0.96168261843707037        5.9301262795308819E-002  0.10294987238355476       0.59771585967404084        1.0690195264146687        93586.853417508944     
   13.745400999043587       0.61294951843979584       0.85639354528108036        6.5910217819327141E-002  0.11168439669505055       0.63988027420969862        1.0758988623050572        59860.109786205830     
   13.704400999053133       0.66729481165076832       0.77107533726906285        7.1968614698549552E-002  0.11811612835100771       0.67407042817288221        1.0794242171283905        40785.165427979446     
   13.681000999058583       0.71789639455473442       0.70110009405003648        7.7558490956890380E-002  0.12278889013049304       0.70170108153488164        1.0803812637751626        29168.967887621049     
   13.667800999061656       0.76527519456513615       0.64297037081957997        8.2756943524764662E-002  0.12611806771967143       0.72398695050350959        1.0793735736359338        21660.268560738888     
   13.660600999063332       0.80994389748989715       0.59388674148969656        8.7633586067575459E-002  0.12843353065337801       0.74202300387283093        1.0768960501477975        16566.632678975493     
   13.657300999064100       0.85234751712287693       0.55185540625200369        9.2243818410814499E-002  0.12997068614897933       0.75663278093347319        1.0732993262831734        12973.817716859339     
   13.656600999064263       0.89283730423984609       0.51535863322298914        9.6630707535192845E-002  0.13090859664826449       0.76848443679335943        1.0688577863772935        10358.601139217340     
   13.657800999063983       0.93166724594869699       0.48334757745161666       0.10082436602556080       0.13137412277677349       0.77805630058429909        1.0637662410643476        8406.0326139387926     
   13.660200999063425       0.96900448822062835       0.45496299779814431       0.10484655177157302       0.13147204544300028       0.78576811987182205        1.0581971456785841        6917.8541520189128     
   13.663600999062634        1.0049474537337468       0.42975390833231120       0.10870853314948911       0.13126530197137726       0.79184094490375578        1.0522472844374335        5764.2194247807638     
   13.667400999061750        1.0395469896475868       0.40718876711661961       0.11242001561355544       0.13082247070754335       0.79656212896542367        1.0460395897510182        4857.0534362489807     
   13.671500999060795        1.0728271339339237       0.38706935232812134       0.11598424599323767       0.13017864880189248       0.80004190169860834        1.0396281392802476        4134.7902433535401     
   13.675500999059862        1.1048029080358732       0.36908383036241599       0.11940623808212439       0.12937688467376485       0.80246149246927156        1.0330904636820781        3553.2875170212851     
   13.679300999058977        1.1354936157565523       0.35309025001229721       0.12268917433823763       0.12844201218894707       0.80390728978906190        1.0264641092386173        3080.2404702629642     
   13.682500999058233        1.1649310307024099       0.33877706257983803       0.12584042554868627       0.12741042393177124       0.80456126878992607        1.0198157409582598        2691.6141975617820     
   13.685300999057581        1.1931628136698997       0.32614395425463039       0.12886376283072384       0.12628885754859953       0.80442583174483040        1.0131418956974543        2369.2982426997551     
   13.687400999057092        1.2202520207491323       0.31489854811359169       0.13176922676863503       0.12510601055408771       0.80366599890873081        1.0064926151942093        2099.5050755493339     
   13.688800999056767        1.2462739501760118       0.30489724534580565       0.13456544760641956       0.12387556167613202       0.80235902861348585       0.99988277925527491        1871.6583493680212     
   13.689600999056580        1.2713114698791315       0.29604277831946524       0.13726083227633670       0.12260584932401118       0.80055392177464102       0.99331532967636060        1677.5937197660871     
   13.689800999056533        1.2954498105849857       0.28818073547577977       0.13986495490653689       0.12130849389346340       0.79833017403630413       0.98680271990650947        1510.9684756908871     
   13.689500999056603        1.3187716479984375       0.28121834766759651       0.14238604824330828       0.11998956786620232       0.79573234303267482       0.98034550984588231        1366.8317105947820     
   13.688600999056813        1.3413529145322853       0.27495441254084513       0.14483363994243223       0.11866279600196508       0.79286498397714422       0.97396550751559208        1241.2981007130031     
   13.687400999057092        1.3632596603202300       0.26943628533004527       0.14721194332871299       0.11732357506818136       0.78969711537891474       0.96764071246068528        1131.3026388622843     
   13.685700999057488        1.3845460399722191       0.26443434892473161       0.14952913027227263       0.11598759592186499       0.78635080579547800       0.96140232180356167        1034.4065252198156     
   13.683800999057929        1.4052535540555442       0.26003688631523875       0.15178658693190325       0.11464823160758066       0.78277712395674404       0.95522703972662026        948.65679880977086     
   13.681500999058466        1.4254113894163349       0.25604724493826836       0.15398979151698580       0.11331920926426950       0.77908310865430885       0.94914521979579058        872.47425635330580     
   13.679000999059047        1.4450377324445114       0.25253172811906049       0.15613859211026251       0.11199646980768482       0.77523611203997322       0.94314323745760953        804.56619180629730     
   13.676200999059700        1.4641418683015355       0.24938804691332866       0.15823521362537149       0.11068764712310489       0.77129485717912849       0.93723867272745454        743.86171697442444     
   13.673200999060398        1.4827267630307732       0.24665150651009721       0.16027891041488346       0.10939140077890513       0.76724602060579339       0.93142672279264693        689.46149617523554     
   13.669900999061166        1.5007918324716261       0.24424247965494539       0.16227086123294723       0.10811378921737481       0.76313669731911149       0.92572226705262350        640.60028010940232     
   13.666400999061981        1.5183355972489188       0.24221172195547472       0.16420979821043089       0.10685248855955003       0.75894591331977990       0.92011849853471217        596.62032602369470     
   13.662600999062866        1.5353579025358333       0.24048793603585020       0.16609696470130111       0.10561248924244694       0.75471482176884341       0.91462765612971064        556.94914202236259     
   13.658500999063820        1.5518615568663254       0.23906386708983232       0.16793274576866277       0.10439440388393571       0.75045013074359723       0.90925025568402296        521.08553187874679     
   13.654200999064821        1.5678532427246807       0.23799644473122475       0.16971669652456378       0.10319478826074251       0.74612517004425383       0.90397563594934538        488.58896755234770     
   13.649600999065893        1.5833436953418847       0.23720895872314751       0.17145126493177598       0.10201772923505810       0.74177937575617170       0.89881282854547329        459.07212756948513     
   13.644700999067034        1.5983472008257429       0.23668761794055584       0.17313806297419126       0.10086322616370438       0.73741894267398844       0.89375973285712762        432.19409011560748     
   13.639600999068222        1.6128805920493912       0.23648189409218842       0.17477769314762626        9.9727606020591622E-002  0.73301832786482268       0.88880419141620193        407.65626428322770     
   13.634200999069479        1.6269619003094455       0.23650560911788915       0.17637342297452863        9.8614646595486632E-002  0.72861817649354221       0.88395410197991908        385.19837446165695     
   13.628500999070805        1.6406088664146434       0.23673869106491405       0.17792722967541791        9.7524329545426280E-002  0.72422605417881791       0.87920731103096961        364.59409461568720     
   13.622600999072180        1.6538375525664435       0.23722745119854974       0.17943958879570152        9.6453262082923874E-002  0.71981813826330698       0.87455278254941193        345.64822773366245     
   13.616400999073623        1.6666612116889929       0.23788375229857747       0.18091328030361062        9.5405320130562216E-002  0.71543559758981645       0.86999965024507597        328.19283287474042     
   13.610100999075090        1.6790895913352786       0.23882682248862283       0.18234672777386962        9.4373836333566483E-002  0.71102192786169405       0.86552867203324912        312.08326380679756     
   13.603500999076626        1.6911288045560591       0.23990439357468471       0.18374327245858912        9.3366272046195353E-002  0.70664957026444475       0.86115973232752663        297.19501814849059     
   13.596700999078211        1.7027513638438896       0.24116403890817167       0.18509860363245723        9.2382322959462138E-002  0.70230671399723099       0.85689577854351717        283.45355418840597     
   13.589600999079863        1.7139525787185683       0.24256019149682961       0.18641358085048057        9.1424037993642543E-002  0.69801562655055449       0.85274248750661441        270.75806099108934     
   13.582400999081539        1.7247643997503008       0.24422128168946858       0.18768894112817902        9.0482888354762953E-002  0.69370993817142002       0.84867257877606839        258.98927237294600     
   13.574900999083285        1.7351997768990692       0.24599425856057769       0.18892884304803781        8.9565323449076001E-002  0.68945759485220814       0.84470262671482388        248.06032833980743     
   13.567300999085056        1.7452716028292392       0.24800505512955368       0.19013191178117753        8.8664521869644561E-002  0.68519979290124944       0.84081243908949332        237.89402923832009     
   13.559400999086895        1.7549927973594477       0.25009975073926211       0.19130234196199700        8.7786731351575178E-002  0.68100341558947985       0.83701817445095483        228.42108276873657     
   13.551300999088781        1.7643762436191410       0.25233449865670016       0.19244013931603920        8.6928405153030561E-002  0.67684089197087338       0.83330877118694591        219.57967583847741     
   13.543100999090690        1.7734346979729669       0.25476714135492473       0.19354525876911141        8.6086083739167082E-002  0.67268469041232859       0.82967335333987702        211.31435825565700     
   13.534600999092669        1.7821807219467609       0.25724000932546032       0.19462191305018683        8.5265912122575963E-002  0.66860149112659861       0.82612805862642591        203.57549399667755     
   13.526100999094648        1.7906266138283646       0.25995577609493992       0.19566712417077833        8.4458125453652014E-002  0.66450097839253663       0.82264432118248731        196.31833814616954     
   13.517300999096697        1.7987843732328703       0.26268403322996858       0.19668650999410650        8.3671932829373699E-002  0.66048041240498712       0.81924704875894883        189.50281729472619     
   13.508400999098768        1.8066656576836655       0.26555600075653241       0.19767843671480989        8.2900839867684012E-002  0.65648099169768315       0.81591693328674764        183.09276437545236     
   13.499400999100864        1.8142817577600503       0.26855923889529754       0.19864410826183163        8.2144644954597917E-002  0.65250606782236242       0.81265242525799208        177.05555428197570     
   13.490200999103006        1.8216435814179550       0.27160817009819982       0.19958616814894511        8.1406162045014677E-002  0.64858945092069664       0.80946058860378467        171.36172285131943     
   13.480900999105172        1.8287616382058591       0.27476452643393323       0.20050427490040237        8.0682080831611575E-002  0.64470293909353116       0.80633115079505568        165.98454359571707     
   13.471500999107361        1.8356460439622195       0.27801540959519766       0.20139950922191860        7.9972269765203829E-002  0.64084999049389146       0.80326292946766120        160.90002948123623     
   13.462000999109572        1.8423065091383215       0.28134965894234421       0.20227290929339858        7.9276522093169266E-002  0.63703322842065691       0.80025454242010352        156.08627821272555     
   13.452300999111831        1.8487523373202017       0.28468344765124520       0.20312698050335917        7.8597480750428328E-002  0.63328464160494025       0.79731276132420659        151.52325919215735     
   13.442600999114090        1.8549924473347690       0.28815415893182222       0.20395966521346975        7.7929116793428510E-002  0.62954640824252828       0.79441967743041431        147.19296139080026     
   13.432800999116370        1.8610353642938644       0.29167812540361032       0.20477337953814967        7.7274141333671539E-002  0.62585068302462232       0.79158234046273002        143.07884958353526     
   13.422900999118676        1.8668892387658824       0.29524538789136312       0.20556899759773242        7.6632365092297344E-002  0.62219955175083275       0.78879957881836105        139.16591501709686     
   13.413000999120980        1.8725618533225641       0.29892232289996323       0.20634581630625623        7.6000738011695490E-002  0.61856495591916838       0.78606202752538235        135.44039476447588     
   13.402900999123332        1.8780606338010539       0.30254961234190719       0.20710770334073866        7.5384738901640422E-002  0.61500805290121541       0.78338483847123808        131.88970970254883     
   13.392800999125685        1.8833926622598967       0.30627031576033287       0.20785233665658817        7.4778492187703202E-002  0.61147073159901688       0.78075057960598448        128.50229646691278     
   13.382700999128035        1.8885646931281892       0.31007625382607767       0.20858042317476350        7.4181892201914817E-002  0.60795498857567976       0.77815842782321887        125.26764899363519     
   13.372500999130411        1.8935831598050508       0.31388520297559408       0.20929420156651007        7.3597493312897291E-002  0.60449113559832879       0.77561521810007095        122.17596590737494     
   13.362300999132785        1.8984541937159514       0.31776563688163878       0.20999276176509937        7.3022391686422508E-002  0.60105134405791194       0.77311212756927417        119.21836668320934     
   13.352000999135184        1.9031836331373873       0.32163498227845533       0.21067829303978475        7.2459133022943947E-002  0.59766571796445112       0.77065604472207516        116.38658344226830     
   13.341600999137604        1.9077770412568125       0.32548634258752668       0.21135139694245725        7.1907527400186910E-002  0.59433516703170575       0.76824601505676693        113.67304218666887     
   13.331300999140003        1.9122397119539822       0.32946767455438930       0.21200946580078803        7.1362018838548036E-002  0.59100267955865893       0.76586557288936941        111.07072584672386     
   13.320900999142424        1.9165766880984232       0.33341928689051770       0.21265620222067877        7.0827847742263750E-002  0.58772707788540368       0.76352949147279880        108.57316992110111     
   13.310500999144846        1.9207927712728174       0.33741298192152691       0.21329052496615591        7.0302174769789769E-002  0.58448022423399837       0.76122919333433203        106.17436814113390     
   13.300100999147267        1.9248925300694375       0.34144494576194928       0.21391291262336401        6.9784810949944112E-002  0.58126241494577346       0.75896375885080647        103.86868702056097     
   13.289600999149712        1.9288803224491216       0.34543114030103966       0.21452543607398761        6.9278291957612481E-002  0.57810335360577869       0.75674024745616153        101.65106787331396     
   13.279100999152156        1.9327602916582911       0.34944558529316005       0.21512692687285723        6.8779798744831283E-002  0.57497462942753808       0.75455015646350898        99.516656218152775     
   13.268700999154579        1.9365363888185008       0.35356206436002136       0.21571617319364536        6.8286635595412662E-002  0.57184869552596396       0.75238536474938633        97.461012871442705     
   13.258200999157022        1.9402123765011585       0.35762032112416614       0.21629681512711749        6.7803831326638336E-002  0.56878248584700686       0.75026019045939729        95.479987238711331     
   13.247700999159468        1.9437918392386053       0.36169485916585886       0.21686760825677709        6.7328656001677575E-002  0.56574802158381277       0.74816643538723393        93.569699992522345     
   13.237200999161912        1.9472781956691991       0.36578181998668585       0.21742891086368166        6.6860992665227867E-002  0.56274576292277600       0.74610351016451582        91.726560520444821     
   13.226700999164358        1.9506747046507018       0.36987773337900476       0.21798106451165078        6.6400717257840511E-002  0.55977603318754432       0.74407081252200291        89.947203590852041     
   13.216200999166801        1.9539844704981300       0.37398024992830053       0.21852439456663481        6.5947667844536345E-002  0.55683872958147806       0.74206762037003915        88.228430672037248     
   13.205700999169247        1.9572104625557121       0.37808441150106686       0.21905921232289541        6.5501801449282443E-002  0.55393481175516690       0.74009363080359947        86.567400517008792     
   13.195200999171691        1.9603555036464317       0.38218928990896656       0.21958581365321359        6.5062914227128552E-002  0.55106365437309668       0.73814799600177539        84.961242956443101     
   13.184700999174137        1.9634222961223149       0.38629131153253349       0.22010448186778464        6.4630921821386397E-002  0.54822570650831737       0.73623028819359082        83.407414982278056     
   13.174300999176557        1.9664134192483365       0.39046700636470172       0.22061381278095329        6.4203296772755686E-002  0.54539404187103779       0.73433296307076046        81.903520189987916     
   13.163800999179003        1.9693313321439638       0.39455621264966656       0.22111740818744302        6.3784741637067349E-002  0.54262266677900295       0.73246950538693667        80.447187577783595     
   13.153400999181423        1.9721783899401748       0.39871518701441494       0.22161216077899604        6.3370329411388829E-002  0.53985761347458494       0.73062540155764666        79.036329726933587     
   13.142900999183869        1.9749568439217431       0.40278145469957993       0.22210167118958343        6.2964789388243944E-002  0.53715318325430172       0.72881428093142131        77.668937491040239     
   13.132500999186290        1.9776688437468644       0.40691387678492169       0.22258279011900503        6.2563182802488335E-002  0.53445507034956552       0.72702156369978133        76.343077888047958     
   13.122100999188712        1.9803164465997942       0.41103110614346328       0.22305741817733354        6.2167781779292296E-002  0.53178999608137656       0.72525370637325315        75.056923141193181     
   13.111700999191132        1.9829016283827314       0.41512917467680210       0.22352576265593185        6.1778563008143765E-002  0.52915866841177239       0.72351054132723247        73.808880208344135     
   13.101400999193531        1.9854262710995809       0.41928883230571312       0.22398631126174862        6.1393012919165810E-002  0.52653375702133220       0.72178455156782328        72.597271802589120     
   13.091000999195952        1.9878921867449764       0.42334570680157607       0.22444266852829209        6.1015772319783029E-002  0.52396882307842785       0.72008917386588422        71.420639667177099     
   13.080700999198351        1.9903011027017470       0.42746193691766193       0.22489159153357435        6.0641993747753177E-002  0.52140993926607104       0.71841008301911480        70.277470688162680     
   13.070400999200748        1.9926546861974772       0.43155344200462231       0.22533496492806171        6.0273987881762185E-002  0.51888417036050793       0.71675393829667899        69.166490174329624     
   13.060200999203124        1.9949545311041443       0.43570005631626707       0.22577122725345142        5.9909369483468471E-002  0.51636518109793683       0.71511365720831155        68.086423394982674     
   13.049900999205521        1.9972021659985426       0.43973843452793654       0.22620399163233385        5.9552615179105144E-002  0.51390503313790692       0.71350217974774810        67.036025461693995     
   13.039700999207897        1.9993990581583854       0.44383102400728758       0.22662994999672836        5.9199027509882568E-002  0.51145091355372951       0.71190565840996622        66.014113958164785     
   13.029500999210271        2.0015466251147775       0.44789377495879690       0.22705097993372053        5.8850861151079854E-002  0.50902933796093430       0.71033060168677853        65.019654885431137     
   13.019300999212646        2.0036462193588314       0.45192647733194091       0.22746722340352032        5.8507990478050297E-002  0.50663973879163637       0.70877651683196774        64.051571707431791     
   13.009200999214999        2.0056991491717602       0.45600959863758894       0.22787706611442465        5.8168111153044169E-002  0.50425631181320518       0.70723658555030577        63.108899326838397     
   12.999100999217349        2.0077066668343635       0.46006134158796708       0.22828238220165076        5.7833354941808107E-002  0.50190437356905238       0.70571691154876359        62.190657463690748     
   12.989000999219702        2.0096699874484765       0.46407810396589488       0.22868329937397178        5.7503732326529569E-002  0.49958461532171827       0.70421749205064776        61.296055447628710     
   12.979000999222029        2.0115902688427121       0.46814485337120360       0.22907817421100640        5.7176831709325159E-002  0.49727005246533307       0.70273111444668157        60.424109977509481     
   12.968900999224381        2.0134686329538427       0.47209487565166885       0.22947065019291124        5.6857024063298942E-002  0.49501188690080228       0.70127047662790232        59.574051243471814     
   12.959000999226687        2.0153061671650176       0.47617343354342673       0.22985553355763419        5.6537714345392086E-002  0.49273419417170389       0.69981627816247227        58.745170816456202     
   12.949000999229014        2.0171039107801039       0.48013328152238066       0.23023824167649365        5.6225349768872668E-002  0.49051248759371180       0.69838722695521005        57.936680319273016     
   12.939100999231320        2.0188628668021513       0.48414062679630843       0.23061532827267939        5.5915451320406852E-002  0.48829542197541237       0.69697013544009812        57.147827492027055     
   12.929200999233624        2.0205840132170083       0.48810900248959171       0.23098867003554649        5.5610231194712263E-002  0.48610911587666239       0.69557145406889287        56.378049933361289     
   12.919300999235929        2.0222682835189763       0.49204070754010026       0.23135836515291755        5.5309509150461095E-002  0.48395225399645403       0.69419051031244305        55.626599425071333     
   12.909500999238212        2.0239165868386961       0.49601622916474813       0.23172271433234506        5.5011158851479489E-002  0.48180039505208172       0.69282107940903059        54.892940980295954     
   12.899700999240492        2.0255297967191561       0.49995418236493139       0.23208359613099241        5.4717177440634528E-002  0.47967754561426762       0.69146886198908164        54.176407265336699     
   12.889900999242775        2.0271087629143580       0.50385188901802358       0.23244110007842889        5.4427567326916775E-002  0.47758414647584491       0.69013384464723027        53.476509674319537     
   12.880200999245034        2.0286543041615706       0.50779410620748477       0.23279350502860618        5.4140101226397522E-002  0.47549466717710703       0.68880942663420641        52.792655527983761     
   12.870500999247291        2.0301672131823190       0.51169633122908953       0.23314269370939406        5.3856850278758160E-002  0.47343385466278221       0.68750159459656479        52.124348767550600     
   12.860900999249527        2.0316482578485435       0.51564295571136587       0.23348693159873032        5.3575631389990018E-002  0.47137655853304078       0.68620389827471828        51.471064419841497     
   12.851200999251786        2.0330981836077160       0.51946458689983843       0.23382992427937624        5.3300596098445376E-002  0.46937205888565581       0.68492840221049045        50.832370381109229     
   12.841700999253996        2.0345177135665176       0.52341237058240575       0.23416628959358735        5.3025473757910099E-002  0.46734684557706441       0.68365678732585056        50.207827032967231     
   12.832100999256232        2.0359075427052207       0.52723566559165402       0.23450155939589176        5.2756361016536399E-002  0.46537339971508801       0.68240671021195365        49.596941682218137     
   12.822600999258444        2.0372683488809789       0.53110204552721640       0.23483215436425969        5.2489088715097776E-002  0.46340287940305991       0.68116598010415830        48.999309725691894     
   12.813100999260657        2.0386007927017116       0.53492663684975350       0.23515996785764195        5.2225672900673037E-002  0.46145950812462611       0.67994041925633297        48.414541633526532     
   12.803600999262867        2.0399055085630708       0.53870951027607672       0.23548506691878116        5.1966039901377978E-002  0.45954286486922291       0.67872974657304042        47.842239821616445     
   12.794200999265056        2.0411831169107142       0.54253539232315928       0.23580567409674300        5.1708097111416690E-002  0.45762852509769608       0.67752781069821899        47.282022032501040     
   12.784800999267246        2.0424342181877781       0.54631926157062538       0.23612368827154517        5.1453833602058359E-002  0.45574045452448975       0.67634035173674112        46.733540816805871     
   12.775500999269410        2.0436593988790688       0.55014538183806672       0.23643732084897964        5.1201198521343208E-002  0.45385460393678162       0.67516136302824981        46.196462449377982     
   12.766200999271575        2.0448592229115379       0.55393007629513025       0.23674847465244869        5.0952116250937707E-002  0.45199429937396884       0.67399635846668260        45.670421506346841     
   12.756900999273741        2.0460342444870498       0.55767210462632566       0.23705720847157102        5.0706563892325474E-002  0.45015958334244000       0.67284524371108867        45.155129588514960     
   12.747700999275883        2.0471849991861113       0.56145615345692956       0.23736171709757070        5.0462515642764334E-002  0.44832659776149519       0.67170209295234262        44.650287821013592     
   12.738500999278026        2.0483120056911086       0.56519909618350550       0.23766391008512375        5.0221848431533891E-002  0.44651820312345469       0.67057225940157383        44.155544471484632     
   12.729300999280166        2.0494157745098041       0.56889828132392350       0.23796384168999760        4.9984588234084151E-002  0.44473491059704950       0.66945582928601544        43.670684778562418     
   12.720100999282309        2.0504967950830926       0.57255559490330121       0.23826156387701830        4.9750618074134827E-002  0.44297578508169427       0.66835236471052994        43.195378246554839     
   12.711000999284428        2.0515555493108129       0.57625624182992130       0.23855525110769671        4.9517945347566712E-002  0.44121722882767556       0.66725604674169858        42.729366433048135     
   12.702000999286524        2.0525925031297216       0.58000018914544171       0.23884494199103007        4.9286548992465762E-002  0.43945922734282039       0.66616677894367338        42.272400227868793     
   12.692900999288643        2.0536081129634032       0.58361523726541054       0.23913444227086117        4.9060295732481989E-002  0.43774848589457704       0.66509574224907442        41.824257991102257     
   12.683900999290739        2.0546028205571161       0.58727397503599932       0.23942003462176184        4.8835222552887768E-002  0.43603774762296704       0.66403137906324605        41.384667078194347     
   12.675000999292809        2.0555770561119044       0.59097643292229607       0.23970175412550368        4.8611309046551102E-002  0.43432698791195690       0.66297359670764844        40.953403115168889     
   12.666100999294882        2.0565312409901848       0.59463668362336675       0.23998152977575701        4.8390444238781208E-002  0.43263922035720576       0.66192782453354915        40.530248156354787     
   12.657200999296954        2.0574657852476443       0.59825377364146748       0.24025940535604026        4.8172608781708939E-002  0.43097444953441799       0.66089398500247787        40.115011198471855     
   12.648300999299027        2.0583810841030350       0.60182977818883232       0.24053542303931164        4.7957692019480747E-002  0.42933174813484642       0.65987166276152887        39.707432014530767     
   12.639500999301076        2.0592775289275611       0.60544929471563180       0.24080771945273602        4.7743809979770922E-002  0.42768849594354164       0.65885541480247556        39.307352196455625     
   12.630700999303125        2.0601554979090100       0.60902686450618204       0.24107823325947544        4.7532801285104599E-002  0.42606720991624991       0.65785049820174502        38.914562316209114     
   12.621900999305174        2.0610153597356362       0.61256235652677082       0.24134700390479646        4.7324625811892028E-002  0.42446766222597759       0.65685675892897055        38.528878748376862     
   12.613200999307200        2.0618574762975506       0.61614217101243129       0.24161215458237206        4.7117376215171945E-002  0.42286695598644086       0.65586865869335453        38.150123505399719     
   12.604500999309224        2.0626821953978212       0.61968063252722683       0.24187563121676842        4.6912871876263910E-002  0.42128742260129853       0.65489139309223710        37.778106131671521     
   12.595900999311226        2.0634898601756380       0.62326434662998620       0.24213554825304878        4.6709219918759363E-002  0.41970628722225045       0.65391947199683509        37.412660051287979     
   12.587200999313252        2.0642808073833323       0.62671958692446939       0.24239578314585641        4.6510108022677916E-002  0.41816858789540406       0.65296349369436535        37.053632299803844     
   12.578600999315254        2.0650553597366255       0.63022013708847713       0.24265252244131741        4.6311785505316026E-002  0.41662894887533486       0.65201261084489193        36.700857765252209     
   12.570100999317233        2.0658138373053343       0.63376580908973190       0.24290579047233041        4.6114246298728505E-002  0.41508744043958534       0.65106678822785424        36.354193696112453     
   12.561600999319213        2.0665565468384219       0.63727171165146468       0.24315754594205249        4.5919245201754146E-002  0.41356575194857936       0.65013099544791442        36.013449650894955     
   12.553100999321192        2.0672837959075019       0.64073480308234743       0.24340782199225999        4.5726833862062902E-002  0.41206455876580084       0.64920542184046237        35.678552059435724     
   12.544600999323171        2.0679958756162882       0.64415809467430807       0.24365664991426378        4.5536888618661217E-002  0.41058273802468787       0.64828960156101112        35.349294518840665     
   12.536200999325127        2.0686930765678717       0.64762732606704088       0.24390211542733628        4.5347609307461068E-002  0.40909838463790937       0.64737837250352270        35.025577275240529     
   12.527800999327082        2.0693756783213915       0.65105618081050776       0.24414618769177795        4.5160760339656970E-002  0.40763329870467735       0.64647675104129254        34.707253673150355     
   12.519400999329038        2.0700439586977928       0.65444392734752255       0.24438889670262692        4.4976328743590449E-002  0.40618748047908215       0.64558468534103741        34.394214054534906     
   12.511100999330971        2.0706981810698282       0.65787957213451254       0.24462831552288317        4.4792447846207825E-002  0.40473831217422340       0.64469675716680819        34.086304041199774     
   12.502800999332903        2.0713386115211132       0.66127471573450691       0.24486642178736481        4.4610918160732919E-002  0.40330797513169014       0.64381812583258902        33.783428978842075     
   12.494600999334812        2.0719655035536539       0.66471737951111420       0.24510128119511157        4.4429918754476688E-002  0.40187430342698915       0.64294354016405508        33.485466449725031     
   12.486300999336745        2.0725791089711829       0.66803208983132467       0.24533684114604604        4.4252988831932731E-002  0.40048093374007387       0.64208310679607294        33.192311928140022     
   12.478100999338654        2.0731796674627518       0.67139610489972201       0.24556920102745469        4.4076493766832113E-002  0.39908347263510102       0.64122635032834518        32.903818006670093     
   12.470000999340540        2.0737674215077657       0.67480744052370689       0.24579837767686449        4.3900483244713261E-002  0.39768252974149204       0.64037344872939694        32.619926729918355     
   12.461800999342449        2.0743426035034198       0.67809056052374705       0.24602833538968100        4.3728451982850830E-002  0.39632130931167520       0.63953435527091007        32.340535231033911     
   12.453700999344335        2.0749054377016360       0.68142357157489597       0.24625515306962908        4.3556791434641265E-002  0.39495564319072607       0.63869867886246312        32.065497717578808     
   12.445600999346221        2.0754561480292950       0.68471680965961945       0.24648082616130737        4.3387284416891166E-002  0.39360755263648095       0.63787153010817121        31.794756606490918     
   12.437600999348083        2.0759949509787070       0.68805963434448070       0.24670339461106849        4.3218132068745189E-002  0.39225503972062742       0.63704772527889753        31.528194885959532     
   12.429600999349946        2.0765220603406913       0.69136301400497202       0.24692485904586306        4.3051084848113805E-002  0.39091979840685681       0.63623225742571499        31.265744031449280     
   12.421600999351810        2.0770376792886389       0.69462893448869611       0.24714524150806153        4.2886062155151394E-002  0.38960109367338486       0.63542481992667177        31.007278241905141     
   12.413700999353649        2.0775420152244810       0.69794355317467682       0.24736257192655411        4.2721376704272292E-002  0.38827806021912309       0.63462064544157581        30.752755928646010     
   12.405700999355512        2.0780352616431994       0.70113191571088551       0.24758085360839530        4.2560405675391502E-002  0.38699273996113603       0.63382927174449355        30.502063440886747     
   12.397800999357351        2.0785176135204231       0.70437084691157448       0.24779611943706292        4.2399685685540471E-002  0.38570237554221209       0.63304082756271463        30.255119562518338     
   12.390000999359167        2.0789892613233967       0.70765989188112766       0.24800838115285151        4.2239226295568859E-002  0.38440714278556154       0.63225534220877200        30.011859714494431     
   12.382200999360983        2.0794503878809598       0.71091153755670444       0.24821965439231850        4.2080695126866484E-002  0.38312789334421327       0.63147750717834050        29.772192149387116     
   12.374400999362798        2.0799011761733657       0.71412438549154156       0.24842995914199331        4.1924106123817667E-002  0.38186485880703730       0.63070737447366243        29.536070292767377     
   12.366600999364614        2.0803417995023232       0.71730084344636946       0.24863931428206476        4.1769372128559787E-002  0.38061721788992420       0.62994461146046521        29.303378251887775     
   12.358800999366430        2.0807724328482329       0.72043950423644998       0.24884773894114662        4.1616508264035401E-002  0.37938521066734504       0.62918927466649111        29.074073542061136     
   12.351100999368224        2.0811932432120148       0.72363086720290781       0.24905323487932973        4.1463770515567468E-002  0.37814733007908552       0.62843636728001528        28.848059026968311     
   12.343400999370017        2.0816043988747919       0.72678406348281310       0.24925783111631294        4.1312882696085441E-002  0.37692502474075340       0.62769080400166233        28.625308911539872     
   12.335800999371786        2.0820060594645007       0.72998972131273954       0.24945952283702333        4.1162111642043440E-002  0.37569688896500869       0.62694762615881783        28.405729738275870     
   12.328200999373555        2.0823983823457950       0.73315913071417338       0.24966034372759019        4.1013111421774724E-002  0.37448364951121532       0.62621148596217635        28.189257598719092     
   12.320600999375324        2.0827815261965088       0.73629090217990190       0.24986031121223337        4.0865897749518557E-002  0.37328554486256665       0.62548244274374853        27.975857174629724     
   12.313000999377094        2.0831556359586201       0.73938745610730394       0.25005944110935691        4.0720387718991384E-002  0.37210178144536860       0.62476017923079197        27.765427493194963     
   12.305500999378841        2.0835208646942283       0.74253663414071747       0.25025571654546563        4.0574948766933419E-002  0.37091198187345853       0.62404011459728992        27.557935999597905     
   12.297900999380611        2.0838773536649180       0.74556172290550571       0.25045321752652255        4.0432821101889095E-002  0.36975684815142784       0.62333131126380681        27.353298720978248     
   12.290500999382333        2.0842252481786652       0.74872841515567656       0.25064585043438742        4.0289109320120711E-002  0.36857511591532011       0.62262003357599771        27.151499044688151     
   12.283000999384079        2.0845646848015673       0.75177056447710944       0.25083973985403840        4.0148683131058370E-002  0.36742791509191913       0.62191991786114675        26.952455491766408     
   12.275600999385803        2.0848958023844384       0.75486551009510860       0.25103081956402556        4.0008286363524236E-002  0.36627449079798791       0.62122183128765385        26.756140704905864     
   12.268200999387526        2.0852187289555366       0.75792635874873171       0.25122114295751147        3.9869477933784508E-002  0.36513459026090250       0.62053007373356484        26.562463711628503     
   12.260800999389248        2.0855335981164012       0.76095174321688908       0.25141072477071602        3.9732275139759854E-002  0.36400845719351499       0.61984471123129492        26.371399322012270     
   12.253500999390948        2.0858405370633974       0.76403142783611833       0.25159752571555488        3.9595041388650609E-002  0.36287563895740566       0.61916113855359456        26.182897956650837     
   12.246100999392670        2.0861396698374088       0.76698715619185021       0.25178566324173102        3.9460972343447295E-002  0.36177640649023313       0.61848826626403297        25.996898302258504     
   12.238900999394348        2.0864311203455674       0.77008733944751295       0.25196898293321984        3.9325233513408858E-002  0.36065005776497117       0.61781256446763477        25.813365827129147     
   12.231600999396047        2.0867150069252194       0.77306311422419560       0.25215366591834726        3.9192637862586165E-002  0.35955718444419621       0.61714748009483422        25.632254300790532     
   12.224400999397723        2.0869914476119669       0.77609415486230049       0.25233560498397817        3.9059956565115163E-002  0.35845726606635830       0.61648396701815078        25.453518495247234     
   12.217100999399422        2.0872605570294325       0.77900177102458301       0.25251893847092255        3.8930350408739788E-002  0.35739022497102263       0.61583081130495487        25.277101874267665     
   12.210000999401077        2.0875224484424040       0.78205501083935647       0.25269747816081556        3.8799039958628746E-002  0.35629589896141611       0.61517468070841630        25.102974296198425     
   12.202800999402752        2.0877772322665997       0.78498440186129903       0.25287743699887216        3.8670784600725441E-002  0.35523434588084818       0.61452883017371995        24.931093012489274     
   12.195700999404405        2.0880250159123976       0.78797001397668587       0.25305468497524974        3.8542392934039486E-002  0.35416541170009935       0.61388434844138107        24.761417627144944     
   12.188600999406059        2.0882659079198334       0.79092207592498842       0.25323130374252673        3.8415434681816608E-002  0.35310897558399112       0.61324559014611646        24.593907655400386     
   12.181500999407712        2.0885000099875159       0.79384076878560084       0.25340730454005733        3.8289891049077457E-002  0.35206488868395225       0.61261248294359893        24.428523853025514     
   12.174400999409364        2.0887274242788680       0.79672701443284422       0.25358269868984534        3.8165725358094184E-002  0.35103281306162065       0.61198488479438251        24.265216174421944     
   12.167400999410996        2.0889482526018095       0.79966968800296390       0.25375541194495110        3.8041394193589727E-002  0.34999323109820552       0.61135853647684768        24.103971166114512     
   12.160400999412625        2.0891625913936078       0.80258035954610629       0.25392753527010170        3.7918413516925244E-002  0.34896546029287367       0.61073758895440255        23.944728283081808     
   12.153400999414254        2.0893705404179905       0.80545690251185698       0.25409907977872970        3.7796821367347487E-002  0.34794994871708829       0.61012219001763313        23.787486663354496     
   12.146500999415862        2.0895721901925173       0.80839217537985553       0.25426796212425296        3.7674994267406128E-002  0.34692632352523356       0.60950776698633424        23.632176644427496     
   12.139500999417491        2.0897676359454920       0.81120407303750797       0.25443837702735866        3.7556057553936872E-002  0.34593417704933199       0.60890299308088269        23.478786862474749     
   12.132600999419097        2.0899569667056710       0.81407475196821610       0.25460614507352003        3.7436869496164378E-002  0.34493382658317967       0.60829912981696665        23.327266955290312     
   12.125800999420681        2.0901402741576103       0.81700338120842142       0.25477126876919909        3.7317452949638355E-002  0.34392555061724506       0.60769626341336636        23.177601169902506     
   12.118900999422287        2.0903176433916566       0.81981026562792580       0.25493795716226875        3.7200844800568574E-002  0.34294801512852913       0.60710272913271912        23.029740065478240     
   12.112100999423870        2.0904891628826587       0.82267553425714013       0.25510201543325550        3.7083983417889217E-002  0.34196237095935406       0.60651009423196500        22.883669685989005     
   12.105300999425454        2.0906549175030960       0.82550884828290616       0.25526555413827740        3.6968390499593377E-002  0.34098800610369584       0.60592253955015052        22.739358646779710     
   12.098500999427037        2.0908149860928593       0.82831188088434748       0.25542858203289609        3.6854014783737704E-002  0.34002441578436071       0.60533986575716636        22.596755384332127     
   12.091700999428619        2.0909694545707485       0.83108329750710730       0.25559110875766378        3.6740876214513433E-002  0.33907185082058594       0.60476215063965744        22.455852165311697     
   12.085000999430180        2.0911184032581649       0.83391333022140934       0.25575102700458374        3.6627461931017638E-002  0.33811108415885543       0.60418524348642610        22.316631115788859     
   12.078300999431740        2.0912619062867543       0.83671370554889068       0.25591045627681680        3.6515226014708156E-002  0.33716079006474942       0.60361306480272714        22.179031530857507     
   12.071600999433301        2.0914000465942020       0.83948233002720540       0.25606940591501431        3.6404206373377219E-002  0.33622140847557569       0.60304576271854415        22.043057782995600     
   12.065000999434837        2.0915328977603211       0.84231108033739843       0.25622576040550926        3.6292866606516726E-002  0.33527345522001589       0.60247909228076491        21.908672332813993     
   12.058300999436396        2.0916605329151405       0.84501903924144595       0.25638377289330067        3.6184185693078810E-002  0.33435500630903275       0.60192117726951166        21.775837813056075     
   12.051700999437934        2.0917830275674141       0.84778757451789044       0.25653920195600305        3.6075162498270731E-002  0.33342781692743523       0.60136380628059349        21.644538981260144     
   12.045100999439470        2.0919004526703491       0.85052590002621342       0.25669417927318633        3.5967286737914696E-002  0.33251094459521174       0.60081104272643238        21.514750494132915     
   12.038600999440984        2.0920128799323021       0.85332532713928766       0.25684657936304406        3.5859054691805177E-002  0.33158524421041680       0.60025876618534779        21.386447321483509     
   12.032000999442520        2.0921203800826857       0.85600307321155378       0.25700067481873839        3.5753451540518170E-002  0.33068886762184441       0.59971513048999547        21.259615043267470     
   12.025500999444033        2.0922230185232689       0.85874312274202180       0.25715220346192258        3.5647453799983166E-002  0.32978331690202645       0.59917183103767191        21.134209378257243     
   12.019000999445547        2.0923208651236505       0.86145376696479503       0.25730330672473195        3.5542554330424643E-002  0.32888768703232968       0.59863294610930218        21.010217053591653     
   12.012500999447060        2.0924139862992450       0.86413441643861699       0.25745399208850239        3.5438757003682118E-002  0.32800205046492592       0.59809849137065951        20.887625378958194     
   12.006100999448551        2.0925024469367712       0.86687697644606909       0.25760212125121740        3.5334567904288711E-002  0.32710735675457248       0.59756438155575609        20.766406501008600     
   11.999600999450063        2.0925863112128242       0.86949938293042905       0.25775199026209050        3.5232911325436420E-002  0.32624111887727197       0.59703853791219741        20.646532997341378     
   11.993200999451554        2.0926656417700942       0.87218411674983198       0.25789931258879173        3.5130843971016235E-002  0.32536567795401461       0.59651296395117270        20.527988767707132     
   11.986800999453044        2.0927405018786742       0.87484005406887289       0.25804624100180196        3.5029823451126520E-002  0.32449975691021837       0.59599160281890817        20.410751928569763     
   11.980500999454511        2.0928109510300632       0.87755885060993521       0.25819062710098156        3.4928379701487676E-002  0.32362455254778699       0.59547046070781262        20.294802005288322     
   11.974100999456001        2.0928770499856695       0.88015773389147411       0.25833678560993673        3.4829418685253494E-002  0.32277738939958867       0.59495739136412840        20.180118372962674     
   11.967800999457468        2.0929388599475161       0.88281914645333615       0.25848041092510732        3.4730032942318668E-002  0.32192098091439592       0.59444453456027357        20.066690806969476     
   11.961500999458934        2.0929964352995745       0.88545368860713936       0.25862366427750388        3.4631624897907956E-002  0.32107346132518094       0.59393561840638331        19.954475022643738     
   11.955200999460402        2.0930498373238486       0.88805923429086830       0.25876655265546583        3.4534233602087655E-002  0.32023527577868294       0.59343079713553848        19.843481145983681     
   11.949000999461845        2.0930991210028589       0.89072842425405208       0.25890691549850858        3.4436388646789058E-002  0.31938760995939230       0.59292607273488618        19.733680287643772     
   11.942800999463289        2.0931443420695603       0.89336982678704402       0.25904692129012874        3.4339525416494605E-002  0.31854895325802285       0.59242530472187394        19.625053704272727     
   11.936500999464755        2.0931855536737398       0.89589260491769140       0.25918874743333736        3.4245049933746621E-002  0.31773748254095052       0.59193223849678722        19.517573801870611     
   11.930300999466199        2.0932228124267285       0.89847889938643977       0.25932805993416258        3.4150111946293193E-002  0.31691651042865354       0.59143923365582785        19.411241705755714     
   11.924200999467619        2.0932561698508247       0.90112976392694821       0.25946485775307060        3.4054692614769004E-002  0.31608585651475601       0.59094621469307940        19.306030219951587     
   11.918000999469063        2.0932856761069849       0.90366249257295450       0.25960349622699402        3.3961623177743754E-002  0.31528205657339020       0.59046074913402802        19.201912864794501     
   11.911900999470483        2.0933113879726655       0.90625868711551927       0.25973962768311998        3.3868089326650523E-002  0.31446880337301258       0.58997533607563302        19.098900630693119     
   11.905800999471904        2.0933333511447625       0.90882897391006767       0.25987543325559248        3.3775457855100201E-002  0.31366385152917470       0.58949356642684680        18.996948877574830     
   11.899700999473323        2.0933516181257432       0.91137200601987345       0.26001091896447392        3.3683750813959690E-002  0.31286746111033348       0.58901552774302290        18.896059843619362     
   11.893600999474744        2.0933662374339979       0.91388870185360616       0.26014609034706943        3.3592941021360068E-002  0.31207936249422846       0.58854111250910135        18.796208392262614     
   11.887600999476140        2.0933772579467003       0.91647052270692608       0.26027876348043183        3.3501624980171410E-002  0.31128144767110977       0.58806658296575887        18.697387961666323     
   11.881500999477561        2.0933847261817671       0.91893435277068003       0.26041332045167809        3.3412596655238526E-002  0.31050985777263795       0.58759936342165764        18.599573826373092     
   11.875500999478957        2.0933886905269818       0.92146372535675047       0.26054538556398832        3.3323046791355344E-002  0.30972832916845655       0.58713196864421513        18.502759943574976     
   11.869500999480355        2.0933891956424939       0.92396751539127531       0.26067715343634934        3.3234357905150551E-002  0.30895478708578838       0.58666805366064911        18.406922507184341     