  .01  .0014943153  .200600686
  .02  .0029886306  .0138017893
  .03  .0044829459 -.250396822
  .04  .00597726119 -.551846897
  .05  .00747157649 -.874144458
  .06  .00896589179 -1.20864283
  .07  .0104602071 -1.55014097
  .08  .0119545224 -1.8952453
  .09  .0134488377 -2.24161733
  .1  .014943153 -2.58758241
  .11  .0164374683 -2.93190742
  .12  .0179317836 -3.27366583
  .13  .0194260989 -3.6121513
  .14  .0209204142 -3.94682011
  .15  .0224147295 -4.27725129
  .16  .0239090448 -4.60311835
  .17  .0254033601 -4.92416868
  .18  .0268976754 -5.24020815
  .19  .0283919907 -5.55108948
  .2  .029886306 -5.85670329
  .21  .0313806213 -6.15697106
  .22  .0328749366 -6.4518396
  .23  .0343692519 -6.74127658
  .24  .0358635672 -7.02526697
  .25  .0373578825 -7.30381009
  .26  .0388521978 -7.57691718
  .27  .0403465131 -7.84460945
  .28  .0418408284 -8.10691637
  .29  .0433351437 -8.36387429
  .3  .044829459 -8.61552527
  .31  .0463237743 -8.86191604
  .32  .0478180896 -9.10309722
  .33  .0493124049 -9.33912253
  .34  .0508067201 -9.57004819
  .35  .0523010354 -9.7959324
  .36  .0537953507 -10.0168348
  .37  .055289666 -10.2328164
  .38  .0567839813 -10.4439385
  .39  .0582782966 -10.6502634
  .4  .0597726119 -10.8518531
  .41  .0612669272 -11.0487701
  .42  .0627612425 -11.2410764
  .43  .0642555578 -11.4288336
  .44  .0657498731 -11.6121029
  .45  .0672441884 -11.790945
  .46  .0687385037 -11.9654195
  .47  .070232819 -12.1355854
  .48  .0717271343 -12.3015009
  .49  .0732214496 -12.463223
  .5  .0747157649 -12.6208078
  .51  .0762100802 -12.7743103
  .52  .0777043955 -12.9237844
  .53  .0791987108 -13.0692828
  .54  .0806930261 -13.2108572
  .55  .0821873414 -13.348558
  .56  .0836816567 -13.4824343
  .57  .085175972 -13.6125343
  .58  .0866702873 -13.7389046
  .59  .0881646026 -13.8615911
  .6  .0896589179 -13.980638
  .61  .0911532332 -14.0960887
  .62  .0926475485 -14.2079851
  .63  .0941418638 -14.3163681
  .64  .0956361791 -14.4212775
  .65  .0971304944 -14.5227519
  .66  .0986248097 -14.6208285
  .67  .100119125 -14.7155439
  .68  .10161344 -14.8069331
  .69  .103107756 -14.8950303
  .7  .104602071 -14.9798687
  .71  .106096386 -15.0614802
  .72  .107590701 -15.1398959
  .73  .109085017 -15.2151457
  .74  .110579332 -15.2872589
  .75  .112073647 -15.3562633
  .76  .113567963 -15.4221863
  .77  .115062278 -15.4850541
  .78  .116556593 -15.544892
  .79  .118050909 -15.6017245
  .8  .119545224 -15.6555754
  .81  .121039539 -15.7064674
  .82  .122533854 -15.7544227
  .83  .12402817 -15.7994624
  .84  .125522485 -15.8416072
  .85  .1270168 -15.8808768
  .86  .128511116 -15.9172902
  .87  .130005431 -15.950866
  .88  .131499746 -15.9816217
  .89  .132994062 -16.0095745
  .9  .134488377 -16.0347408
  .91  .135982692 -16.0571365
  .92  .137477007 -16.0767768
  .93  .138971323 -16.0936764
  .94  .140465638 -16.1078495
  .95  .141959953 -16.1193096
  .96  .143454269 -16.1280699
  .97  .144948584 -16.134143
  .98  .146442899 -16.137541
  .99  .147937215 -16.1382756
  1.  .14943153 -16.136358
  1.01  .150925845 -16.131799
  1.02  .15242016 -16.1246091
  1.03  .153914476 -16.1147982
  1.04  .155408791 -16.1023761
  1.05  .156903106 -16.087352
  1.06  .158397422 -16.0697347
  1.07  .159891737 -16.049533
  1.08  .161386052 -16.0267552
  1.09  .162880368 -16.0014092
  1.1  .164374683 -15.9735027
  1.11  .165868998 -15.9430431
  1.12  .167363313 -15.9100377
  1.13  .168857629 -15.8744934
  1.14  .170351944 -15.8364168
  1.15  .171846259 -15.7958145
  1.16  .173340575 -15.7526926
  1.17  .17483489 -15.7070572
  1.18  .176329205 -15.6589143
  1.19  .177823521 -15.6082694
  1.2  .179317836 -15.5551281
  1.21  .180812151 -15.4994958
  1.22  .182306466 -15.4413777
  1.23  .183800782 -15.3807789
  1.24  .185295097 -15.3177043
  1.25  .186789412 -15.2521588
  1.26  .188283728 -15.1841472
  1.27  .189778043 -15.1136739
  1.28  .191272358 -15.0407437
  1.29  .192766674 -14.965361
  1.3  .194260989 -14.8875301
  1.31  .195755304 -14.8072554
  1.32  .197249619 -14.7245411
  1.33  .198743935 -14.6393914
  1.34  .20023825 -14.5518106
  1.35  .201732565 -14.4618027
  1.36  .203226881 -14.3693719
  1.37  .204721196 -14.2745222
  1.38  .206215511 -14.1772577
  1.39  .207709826 -14.0775825
  1.4  .209204142 -13.9755005
  1.41  .210698457 -13.8710158
  1.42  .212192772 -13.7641325
  1.43  .213687088 -13.6548546
  1.44  .215181403 -13.5431862
  1.45  .216675718 -13.4291314
  1.46  .218170034 -13.3126943
  1.47  .219664349 -13.1938791
  1.48  .221158664 -13.0726899
  1.49  .222652979 -12.9491309
  1.5  .224147295 -12.8232065
  1.51  .22564161 -12.6949209
  1.52  .227135925 -12.5642784
  1.53  .228630241 -12.4312836
  1.54  .230124556 -12.2959408
  1.55  .231618871 -12.1582546
  1.56  .233113187 -12.0182295
  1.57  .234607502 -11.8758703
  1.58  .236101817 -11.7311816
  1.59  .237596132 -11.5841682
  1.6  .239090448 -11.434835
  1.61  .240584763 -11.2831868
  1.62  .242079078 -11.1292289
  1.63  .243573394 -10.9729661
  1.64  .245067709 -10.8144037
  1.65  .246562024 -10.653547
  1.66  .24805634 -10.4904012
  1.67  .249550655 -10.3249718
  1.68  .25104497 -10.1572643
  1.69  .252539285 -9.98728424
  1.7  .254033601 -9.81503738
  1.71  .255527916 -9.64052947
  1.72  .257022231 -9.46376635
  1.73  .258516547 -9.28475399
  1.74  .260010862 -9.10349841
  1.75  .261505177 -8.92000577
  1.76  .262999493 -8.73428228
  1.77  .264493808 -8.54633426
  1.78  .265988123 -8.35616813
  1.79  .267482438 -8.16379039
  1.8  .268976754 -7.96920764
  1.81  .270471069 -7.77242657
  1.82  .271965384 -7.57345397
  1.83  .2734597 -7.37229671
  1.84  .274954015 -7.16896175
  1.85  .27644833 -6.96345617
  1.86  .277942646 -6.75578711
  1.87  .279436961 -6.54596181
  1.88  .280931276 -6.33398761
  1.89  .282425591 -6.11987192
  1.9  .283919907 -5.90362227
  1.91  .285414222 -5.68524624
  1.92  .286908537 -5.46475153
  1.93  .288402853 -5.24214591
  1.94  .289897168 -5.01743723
  1.95  .291391483 -4.79063343
  1.96  .292885799 -4.56174255
  1.97  .294380114 -4.33077269
  1.98  .295874429 -4.09773204
  1.99  .297368744 -3.86262886
  2.  .29886306 -3.6254715
  2.01  .300357375 -3.38626839
  2.02  .30185169 -3.14502802
  2.03  .303346006 -2.90175898
  2.04  .304840321 -2.6564699
  2.05  .306334636 -2.40916951
  2.06  .307828951 -2.15986659
  2.07  .309323267 -1.90857001
  2.08  .310817582 -1.65528868
  2.09  .312311897 -1.40003161
  2.1  .313806213 -1.14280784
  2.11  .315300528 -.883626504
  2.12  .316794843 -.622496768
  2.13  .318289159 -.359427876
  2.14  .319783474 -.0944291251
  2.15  .321277789  .172490131
  2.16  .322772104  .441320484
  2.17  .32426642  .712052473
  2.18  .325760735  .984676585
  2.19  .32725505  1.25918326
  2.2  .328749366  1.53556288
  2.21  .330243681  1.8138058
  2.22  .331737996  2.0939023
  2.23  .333232312  2.37584266
  2.24  .334726627  2.65961707
  2.25  .336220942  2.94521572
  2.26  .337715257  3.23262873
  2.27  .339209573  3.52184621
  2.28  .340703888  3.81285823
  2.29  .342198203  4.10565481
  2.3  .343692519  4.40022595
  2.31  .345186834  4.69656163
  2.32  .346681149  4.99465178
  2.33  .348175465  5.29448632
  2.34  .34966978  5.59605515
  2.35  .351164095  5.89934811
  2.36  .35265841  6.20435507
  2.37  .354152726  6.51106584
  2.38  .355647041  6.81947023
  2.39  .357141356  7.12955803
  2.4  .358635672  7.44131902
  2.41  .360129987  7.75474294
  2.42  .361624302  8.06981954
  2.43  .363118618  8.38653857
  2.44  .364612933  8.70488974
  2.45  .366107248  9.02486278
  2.46  .367601563  9.34644738
  2.47  .369095879  9.66963326
  2.48  .370590194  9.99441012
  2.49  .372084509  10.3207677
  2.5  .373578825  10.6486956
  2.51  .37507314  10.9781835
  2.52  .376567455  11.3092213
  2.53  .378061771  11.6417985
  2.54  .379556086  11.9759049
  2.55  .381050401  12.3115301
  2.56  .382544716  12.648664
  2.57  .384039032  12.9872961
  2.58  .385533347  13.3274164
  2.59  .387027662  13.6690144
  2.6  .388521978  14.01208
  2.61  .390016293  14.3566029
  2.62  .391510608  14.7025729
  2.63  .393004924  15.0499798
  2.64  .394499239  15.3988133
  2.65  .395993554  15.7490635
  2.66  .397487869  16.1007199
  2.67  .398982185  16.4537727
  2.68  .4004765  16.8082115
  2.69  .401970815  17.1640264
  2.7  .403465131  17.5212072
  2.71  .404959446  17.8797439
  2.72  .406453761  18.2396264
  2.73  .407948076  18.6008448
  2.74  .409442392  18.9633891
  2.75  .410936707  19.3272493
  2.76  .412431022  19.6924155
  2.77  .413925338  20.0588778
  2.78  .415419653  20.4266264
  2.79  .416913968  20.7956513
  2.8  .418408284  21.1659427
  2.81  .419902599  21.537491
  2.82  .421396914  21.9102863
  2.83  .422891229  22.2843189
  2.84  .424385545  22.6595791
  2.85  .42587986  23.0360573
  2.86  .427374175  23.4137438
  2.87  .428868491  23.7926291
  2.88  .430362806  24.1727037
  2.89  .431857121  24.5539579
  2.9  .433351437  24.9363823
  2.91  .434845752  25.3199676
  2.92  .436340067  25.7047042
  2.93  .437834382  26.0905828
  2.94  .439328698  26.4775941
  2.95  .440823013  26.8657287
  2.96  .442317328  27.2549775
  2.97  .443811644  27.6453313
  2.98  .445305959  28.0367807
  2.99  .446800274  28.4293168
  3.  .44829459  28.8229305
  3.01  .449788905  29.2176125
  3.02  .45128322  29.6133541
  3.03  .452777535  30.0101461
  3.04  .454271851  30.4079797
  3.05  .455766166  30.806846
  3.06  .457260481  31.2067362
  3.07  .458754797  31.6076413
  3.08  .460249112  32.0095528
  3.09  .461743427  32.4124619
  3.1  .463237743  32.8163598
  3.11  .464732058  33.221238
  3.12  .466226373  33.627088
  3.13  .467720688  34.0339011
  3.14  .469215004  34.4416689
  3.15  .470709319  34.8503829
  3.16  .472203634  35.2600347
  3.17  .47369795  35.670616
  3.18  .475192265  36.0821184
  3.19  .47668658  36.4945338
  3.2  .478180896  36.9078538
  3.21  .479675211  37.3220702
  3.22  .481169526  37.7371751
  3.23  .482663841  38.1531602
  3.24  .484158157  38.5700175
  3.25  .485652472  38.9877391
  3.26  .487146787  39.406317
  3.27  .488641103  39.8257432
  3.28  .490135418  40.24601
  3.29  .491629733  40.6671094
  3.3  .493124049  41.0890339
  3.31  .494618364  41.5117756
  3.32  .496112679  41.9353268
  3.33  .497606994  42.3596799
  3.34  .49910131  42.7848275
  3.35  .500595625  43.2107618
  3.36  .50208994  43.6374755
  3.37  .503584256  44.064961
  3.38  .505078571  44.493211
  3.39  .506572886  44.9222182
  3.4  .508067201  45.3519752
  3.41  .509561517  45.7824748
  3.42  .511055832  46.2137097
  3.43  .512550147  46.6456728
  3.44  .514044463  47.078357
  3.45  .515538778  47.5117552
  3.46  .517033093  47.9458603
  3.47  .518527409  48.3806654
  3.48  .520021724  48.8161636
  3.49  .521516039  49.2523478
  3.5  .523010354  49.6892114
  3.51  .52450467  50.1267474
  3.52  .525998985  50.5649492
  3.53  .5274933  51.0038099
  3.54  .528987616  51.443323
  3.55  .530481931  51.8834817
  3.56  .531976246  52.3242796
  3.57  .533470562  52.76571
  3.58  .534964877  53.2077665
  3.59  .536459192  53.6504427
  3.6  .537953507  54.093732
  3.61  .539447823  54.5376283
  3.62  .540942138  54.982125
  3.63  .542436453  55.427216
  3.64  .543930769  55.872895
  3.65  .545425084  56.3191559
  3.66  .546919399  56.7659924
  3.67  .548413715  57.2133985
  3.68  .54990803  57.6613681
  3.69  .551402345  58.1098952
  3.7  .55289666  58.5589738
  3.71  .554390976  59.008598
  3.72  .555885291  59.4587618
  3.73  .557379606  59.9094595
  3.74  .558873922  60.3606852
  3.75  .560368237  60.8124331
  3.76  .561862552  61.2646975
  3.77  .563356868  61.7174728
  3.78  .564851183  62.1707532
  3.79  .566345498  62.6245331
  3.8  .567839813  63.0788071
  3.81  .569334129  63.5335695
  3.82  .570828444  63.9888149
  3.83  .572322759  64.4445378
  3.84  .573817075  64.9007328
  3.85  .57531139  65.3573946
  3.86  .576805705  65.8145177
  3.87  .578300021  66.272097
  3.88  .579794336  66.7301272
  3.89  .581288651  67.188603
  3.9  .582782966  67.6475192
  3.91  .584277282  68.1068708
  3.92  .585771597  68.5666527
  3.93  .587265912  69.0268597
  3.94  .588760228  69.4874868
  3.95  .590254543  69.9485291
  3.96  .591748858  70.4099816
  3.97  .593243174  70.8718394
  3.98  .594737489  71.3340976
  3.99  .596231804  71.7967513
  4.  .597726119  72.2597958
  4.01  .599220435  72.7232263
  4.02  .60071475  73.187038
  4.03  .602209065  73.6512263
  4.04  .603703381  74.1157865
  4.05  .605197696  74.5807139
  4.06  .606692011  75.046004
  4.07  .608186326  75.5116522
  4.08  .609680642  75.977654
  4.09  .611174957  76.4440048
  4.1  .612669272  76.9107003
  4.11  .614163588  77.377736
  4.12  .615657903  77.8451075
  4.13  .617152218  78.3128105
  4.14  .618646534  78.7808407
  4.15  .620140849  79.2491936
  4.16  .621635164  79.7178652
  4.17  .623129479  80.1868511
  4.18  .624623795  80.6561472
  4.19  .62611811  81.1257494
  4.2  .627612425  81.5956534
  4.21  .629106741  82.0658552
  4.22  .630601056  82.5363507
  4.23  .632095371  83.0071359
  4.24  .633589687  83.4782069
  4.25  .635084002  83.9495595
  4.26  .636578317  84.4211899
  4.27  .638072632  84.8930942
  4.28  .639566948  85.3652684
  4.29  .641061263  85.8377088
  4.3  .642555578  86.3104116
  4.31  .644049894  86.7833728
  4.32  .645544209  87.2565888
  4.33  .647038524  87.7300558
  4.34  .64853284  88.2037702
  4.35  .650027155  88.6777282
  4.36  .65152147  89.1519263
  4.37  .653015785  89.6263607
  4.38  .654510101  90.1010279
  4.39  .656004416  90.5759244
  4.4  .657498731  91.0510466
  4.41  .658993047  91.5263909
  4.42  .660487362  92.0019541
  4.43  .661981677  92.4777324
  4.44  .663475993  92.9537227
  4.45  .664970308  93.4299214
  4.46  .666464623  93.9063252
  4.47  .667958938  94.3829307
  4.48  .669453254  94.8597347
  4.49  .670947569  95.3367338
  4.5  .672441884  95.8139248
  4.51  .6739362  96.2913044
  4.52  .675430515  96.7688695
  4.53  .67692483  97.2466167
  4.54  .678419146  97.7245431
  4.55  .679913461  98.2026454
  4.56  .681407776  98.6809205
  4.57  .682902091  99.1593653
  4.58  .684396407  99.6379769
  4.59  .685890722  100.116752
  4.6  .687385037  100.595688
  4.61  .688879353  101.074781
  4.62  .690373668  101.554029
  4.63  .691867983  102.033429
  4.64  .693362299  102.512978
  4.65  .694856614  102.992672
  4.66  .696350929  103.47251
  4.67  .697845244  103.952487
  4.68  .69933956  104.432602
  4.69  .700833875  104.912852
  4.7  .70232819  105.393233
  4.71  .703822506  105.873744
  4.72  .705316821  106.35438
  4.73  .706811136  106.83514
  4.74  .708305451  107.316021
  4.75  .709799767  107.797021
  4.76  .711294082  108.278135
  4.77  .712788397  108.759363
  4.78  .714282713  109.240701
  4.79  .715777028  109.722146
  4.8  .717271343  110.203697
  4.81  .718765659  110.685351
  4.82  .720259974  111.167104
  4.83  .721754289  111.648955
  4.84  .723248604  112.130901
  4.85  .72474292  112.61294
  4.86  .726237235  113.095068
  4.87  .72773155  113.577285
  4.88  .729225866  114.059587
  4.89  .730720181  114.541972
  4.9  .732214496  115.024437
  4.91  .733708812  115.506981
  4.92  .735203127  115.9896
  4.93  .736697442  116.472293
  4.94  .738191757  116.955058
  4.95  .739686073  117.437891
  4.96  .741180388  117.920792
  4.97  .742674703  118.403756
  4.98  .744169019  118.886783
  4.99  .745663334  119.369871
  5.  .747157649  119.853016
  5.01  .748651965  120.336217
  5.02  .75014628  120.819471
  5.03  .751640595  121.302777
  5.04  .75313491  121.786133
  5.05  .754629226  122.269536
  5.06  .756123541  122.752984
  5.07  .757617856  123.236475
  5.08  .759112172  123.720007
  5.09  .760606487  124.203578
  5.1  .762100802  124.687187
  5.11  .763595118  125.17083
  5.12  .765089433  125.654507
  5.13  .766583748  126.138214
  5.14  .768078063  126.621951
  5.15  .769572379  127.105715
  5.16  .771066694  127.589505
  5.17  .772561009  128.073318
  5.18  .774055325  128.557153
  5.19  .77554964  129.041007
  5.2  .777043955  129.524879
