  .01  .0014943153  .195075698
  .02  .0029886306  .00339967107
  .03  .0044829459 -.265070305
  .04  .00597726119 -.570219568
  .05  .00747157649 -.895674705
  .06  .00896589179 -1.2328177
  .07  .0104602071 -1.57647466
  .08  .0119545224 -1.92327797
  .09  .0134488377 -2.27091396
  .1  .014943153 -2.61773178
  .11  .0164374683 -2.96252118
  .12  .0179317836 -3.30437757
  .13  .0194260989 -3.64261575
  .14  .0209204142 -3.97671224
  .15  .0224147295 -4.30626558
  .16  .0239090448 -4.63096803
  .17  .0254033601 -4.95058495
  .18  .0268976754 -5.2649395
  .19  .0283919907 -5.57390102
  .2  .029886306 -5.87737605
  .21  .0313806213 -6.17530135
  .22  .0328749366 -6.46763839
  .23  .0343692519 -6.75436891
  .24  .0358635672 -7.03549134
  .25  .0373578825 -7.31101791
  .26  .0388521978 -7.5809722
  .27  .0403465131 -7.84538725
  .28  .0418408284 -8.10430383
  .29  .0433351437 -8.3577691
  .3  .044829459 -8.60583543
  .31  .0463237743 -8.84855944
  .32  .0478180896 -9.08600112
  .33  .0493124049 -9.31822319
  .34  .0508067201 -9.54529042
  .35  .0523010354 -9.76726916
  .36  .0537953507 -9.98422687
  .37  .055289666 -10.1962317
  .38  .0567839813 -10.4033524
  .39  .0582782966 -10.6056576
  .4  .0597726119 -10.8032158
  .41  .0612669272 -10.9960955
  .42  .0627612425 -11.1843642
  .43  .0642555578 -11.3680893
  .44  .0657498731 -11.5473369
  .45  .0672441884 -11.7221724
  .46  .0687385037 -11.8926603
  .47  .070232819 -12.0588638
  .48  .0717271343 -12.2208452
  .49  .0732214496 -12.3786654
  .5  .0747157649 -12.5323841
  .51  .0762100802 -12.6820597
  .52  .0777043955 -12.8277495
  .53  .0791987108 -12.969509
  .54  .0806930261 -13.1073929
  .55  .0821873414 -13.2414542
  .56  .0836816567 -13.3717446
  .57  .085175972 -13.4983145
  .58  .0866702873 -13.621213
  .59  .0881646026 -13.7404876
  .6  .0896589179 -13.8561848
  .61  .0911532332 -13.9683495
  .62  .0926475485 -14.0770255
  .63  .0941418638 -14.182255
  .64  .0956361791 -14.2840794
  .65  .0971304944 -14.3825384
  .66  .0986248097 -14.4776707
  .67  .100119125 -14.5695137
  .68  .10161344 -14.6581037
  .69  .103107756 -14.7434756
  .7  .104602071 -14.8256635
  .71  .106096386 -14.9047002
  .72  .107590701 -14.9806173
  .73  .109085017 -15.0534455
  .74  .110579332 -15.1232145
  .75  .112073647 -15.1899527
  .76  .113567963 -15.2536879
  .77  .115062278 -15.3144467
  .78  .116556593 -15.3722547
  .79  .118050909 -15.4271367
  .8  .119545224 -15.4791167
  .81  .121039539 -15.5282176
  .82  .122533854 -15.5744617
  .83  .12402817 -15.6178703
  .84  .125522485 -15.658464
  .85  .1270168 -15.6962627
  .86  .128511116 -15.7312854
  .87  .130005431 -15.7635504
  .88  .131499746 -15.7930756
  .89  .132994062 -15.8198777
  .9  .134488377 -15.8439733
  .91  .135982692 -15.8653779
  .92  .137477007 -15.8841067
  .93  .138971323 -15.9001741
  .94  .140465638 -15.9135943
  .95  .141959953 -15.9243804
  .96  .143454269 -15.9325455
  .97  .144948584 -15.9381018
  .98  .146442899 -15.9410613
  .99  .147937215 -15.9414353
  1.  .14943153 -15.9392348
  1.01  .150925845 -15.9344703
  1.02  .15242016 -15.927152
  1.03  .153914476 -15.9172894
  1.04  .155408791 -15.9048919
  1.05  .156903106 -15.8899685
  1.06  .158397422 -15.8725278
  1.07  .159891737 -15.852578
  1.08  .161386052 -15.830127
  1.09  .162880368 -15.8051825
  1.1  .164374683 -15.7777518
  1.11  .165868998 -15.7478419
  1.12  .167363313 -15.7154597
  1.13  .168857629 -15.6806117
  1.14  .170351944 -15.6433042
  1.15  .171846259 -15.6035432
  1.16  .173340575 -15.5613347
  1.17  .17483489 -15.5166842
  1.18  .176329205 -15.4695972
  1.19  .177823521 -15.420079
  1.2  .179317836 -15.3681347
  1.21  .180812151 -15.3137693
  1.22  .182306466 -15.2569875
  1.23  .183800782 -15.1977941
  1.24  .185295097 -15.1361935
  1.25  .186789412 -15.0721902
  1.26  .188283728 -15.0057886
  1.27  .189778043 -14.9369927
  1.28  .191272358 -14.8658067
  1.29  .192766674 -14.7922347
  1.3  .194260989 -14.7162805
  1.31  .195755304 -14.6379482
  1.32  .197249619 -14.5572414
  1.33  .198743935 -14.4741641
  1.34  .20023825 -14.3887198
  1.35  .201732565 -14.3009124
  1.36  .203226881 -14.2107454
  1.37  .204721196 -14.1182226
  1.38  .206215511 -14.0233474
  1.39  .207709826 -13.9261236
  1.4  .209204142 -13.8265546
  1.41  .210698457 -13.7246441
  1.42  .212192772 -13.6203958
  1.43  .213687088 -13.5138131
  1.44  .215181403 -13.4048997
  1.45  .216675718 -13.2936593
  1.46  .218170034 -13.1800955
  1.47  .219664349 -13.064212
  1.48  .221158664 -12.9460125
  1.49  .222652979 -12.8255008
  1.5  .224147295 -12.7026807
  1.51  .22564161 -12.577556
  1.52  .227135925 -12.4501306
  1.53  .228630241 -12.3204085
  1.54  .230124556 -12.1883936
  1.55  .231618871 -12.05409
  1.56  .233113187 -11.9175019
  1.57  .234607502 -11.7786333
  1.58  .236101817 -11.6374885
  1.59  .237596132 -11.4940719
  1.6  .239090448 -11.3483879
  1.61  .240584763 -11.2004408
  1.62  .242079078 -11.0502352
  1.63  .243573394 -10.8977758
  1.64  .245067709 -10.7430672
  1.65  .246562024 -10.5861141
  1.66  .24805634 -10.4269215
  1.67  .249550655 -10.2654943
  1.68  .25104497 -10.1018374
  1.69  .252539285 -9.935956
  1.7  .254033601 -9.76785529
  1.71  .255527916 -9.59754052
  1.72  .257022231 -9.42501707
  1.73  .258516547 -9.2502904
  1.74  .260010862 -9.07336606
  1.75  .261505177 -8.89424968
  1.76  .262999493 -8.712947
  1.77  .264493808 -8.52946384
  1.78  .265988123 -8.3438061
  1.79  .267482438 -8.15597981
  1.8  .268976754 -7.96599105
  1.81  .270471069 -7.77384602
  1.82  .271965384 -7.579551
  1.83  .2734597 -7.38311237
  1.84  .274954015 -7.18453659
  1.85  .27644833 -6.98383022
  1.86  .277942646 -6.78099991
  1.87  .279436961 -6.5760524
  1.88  .280931276 -6.36899451
  1.89  .282425591 -6.15983318
  1.9  .283919907 -5.9485754
  1.91  .285414222 -5.73522828
  1.92  .286908537 -5.51979899
  1.93  .288402853 -5.30229481
  1.94  .289897168 -5.08272309
  1.95  .291391483 -4.86109128
  1.96  .292885799 -4.63740689
  1.97  .294380114 -4.41167753
  1.98  .295874429 -4.1839109
  1.99  .297368744 -3.95411476
  2.  .29886306 -3.72229695
  2.01  .300357375 -3.48846541
  2.02  .30185169 -3.25262813
  2.03  .303346006 -3.01479321
  2.04  .304840321 -2.77496878
  2.05  .306334636 -2.53316307
  2.06  .307828951 -2.28938439
  2.07  .309323267 -2.04364109
  2.08  .310817582 -1.79594162
  2.09  .312311897 -1.54629448
  2.1  .313806213 -1.29470823
  2.11  .315300528 -1.04119152
  2.12  .316794843 -.785753036
  2.13  .318289159 -.528401539
  2.14  .319783474 -.269145845
  2.15  .321277789 -.00799483237
  2.16  .322772104  .255042567
  2.17  .32426642  .519957365
  2.18  .325760735  .78674052
  2.19  .32725505  1.05538294
  2.2  .328749366  1.32587548
  2.21  .330243681  1.59820894
  2.22  .331737996  1.87237409
  2.23  .333232312  2.14836164
  2.24  .334726627  2.42616227
  2.25  .336220942  2.70576659
  2.26  .337715257  2.9871652
  2.27  .339209573  3.27034864
  2.28  .340703888  3.55530743
  2.29  .342198203  3.84203204
  2.3  .343692519  4.13051291
  2.31  .345186834  4.42074044
  2.32  .346681149  4.71270502
  2.33  .348175465  5.00639698
  2.34  .34966978  5.30180665
  2.35  .351164095  5.59892432
  2.36  .35265841  5.89774026
  2.37  .354152726  6.19824471
  2.38  .355647041  6.50042788
  2.39  .357141356  6.80427999
  2.4  .358635672  7.10979121
  2.41  .360129987  7.4169517
  2.42  .361624302  7.72575162
  2.43  .363118618  8.0361811
  2.44  .364612933  8.34823026
  2.45  .366107248  8.6618892
  2.46  .367601563  8.97714804
  2.47  .369095879  9.29399685
  2.48  .370590194  9.61242572
  2.49  .372084509  9.93242472
  2.5  .373578825  10.2539839
  2.51  .37507314  10.5770934
  2.52  .376567455  10.9017432
  2.53  .378061771  11.2279235
  2.54  .379556086  11.5556242
  2.55  .381050401  11.8848354
  2.56  .382544716  12.2155472
  2.57  .384039032  12.5477497
  2.58  .385533347  12.881433
  2.59  .387027662  13.2165871
  2.6  .388521978  13.5532022
  2.61  .390016293  13.8912682
  2.62  .391510608  14.2307754
  2.63  .393004924  14.5717139
  2.64  .394499239  14.9140738
  2.65  .395993554  15.2578452
  2.66  .397487869  15.6030184
  2.67  .398982185  15.9495834
  2.68  .4004765  16.2975305
  2.69  .401970815  16.6468498
  2.7  .403465131  16.9975317
  2.71  .404959446  17.3495663
  2.72  .406453761  17.7029439
  2.73  .407948076  18.0576548
  2.74  .409442392  18.4136894
  2.75  .410936707  18.7710378
  2.76  .412431022  19.1296906
  2.77  .413925338  19.489638
  2.78  .415419653  19.8508705
  2.79  .416913968  20.2133785
  2.8  .418408284  20.5771524
  2.81  .419902599  20.9421827
  2.82  .421396914  21.3084599
  2.83  .422891229  21.6759747
  2.84  .424385545  22.0447174
  2.85  .42587986  22.4146787
  2.86  .427374175  22.7858494
  2.87  .428868491  23.1582199
  2.88  .430362806  23.5317809
  2.89  .431857121  23.9065233
  2.9  .433351437  24.2824378
  2.91  .434845752  24.6595151
  2.92  .436340067  25.037746
  2.93  .437834382  25.4171215
  2.94  .439328698  25.7976324
  2.95  .440823013  26.1792695
  2.96  .442317328  26.562024
  2.97  .443811644  26.9458868
  2.98  .445305959  27.3308488
  2.99  .446800274  27.7169013
  3.  .44829459  28.1040352
  3.01  .449788905  28.4922418
  3.02  .45128322  28.8815121
  3.03  .452777535  29.2718375
  3.04  .454271851  29.6632092
  3.05  .455766166  30.0556185
  3.06  .457260481  30.4490567
  3.07  .458754797  30.8435152
  3.08  .460249112  31.2389855
  3.09  .461743427  31.6354589
  3.1  .463237743  32.032927
  3.11  .464732058  32.4313813
  3.12  .466226373  32.8308135
  3.13  .467720688  33.2312151
  3.14  .469215004  33.6325778
  3.15  .470709319  34.0348932
  3.16  .472203634  34.4381533
  3.17  .47369795  34.8423497
  3.18  .475192265  35.2474742
  3.19  .47668658  35.6535189
  3.2  .478180896  36.0604755
  3.21  .479675211  36.468336
  3.22  .481169526  36.8770925
  3.23  .482663841  37.2867369
  3.24  .484158157  37.6972615
  3.25  .485652472  38.1086582
  3.26  .487146787  38.5209194
  3.27  .488641103  38.9340371
  3.28  .490135418  39.3480038
  3.29  .491629733  39.7628116
  3.3  .493124049  40.178453
  3.31  .494618364  40.5949203
  3.32  .496112679  41.012206
  3.33  .497606994  41.4303025
  3.34  .49910131  41.8492024
  3.35  .500595625  42.2688983
  3.36  .50208994  42.6893827
  3.37  .503584256  43.1106484
  3.38  .505078571  43.532688
  3.39  .506572886  43.9554943
  3.4  .508067201  44.37906
  3.41  .509561517  44.8033781
  3.42  .511055832  45.2284413
  3.43  .512550147  45.6542427
  3.44  .514044463  46.080775
  3.45  .515538778  46.5080315
  3.46  .517033093  46.9360051
  3.47  .518527409  47.3646889
  3.48  .520021724  47.7940761
  3.49  .521516039  48.2241598
  3.5  .523010354  48.6549332
  3.51  .52450467  49.0863897
  3.52  .525998985  49.5185226
  3.53  .5274933  49.9513251
  3.54  .528987616  50.3847907
  3.55  .530481931  50.8189129
  3.56  .531976246  51.2536851
  3.57  .533470562  51.6891008
  3.58  .534964877  52.1251536
  3.59  .536459192  52.5618371
  3.6  .537953507  52.999145
  3.61  .539447823  53.437071
  3.62  .540942138  53.8756087
  3.63  .542436453  54.3147521
  3.64  .543930769  54.7544948
  3.65  .545425084  55.1948308
  3.66  .546919399  55.6357539
  3.67  .548413715  56.0772582
  3.68  .54990803  56.5193375
  3.69  .551402345  56.9619859
  3.7  .55289666  57.4051975
  3.71  .554390976  57.8489664
  3.72  .555885291  58.2932866
  3.73  .557379606  58.7381526
  3.74  .558873922  59.1835583
  3.75  .560368237  59.6294981
  3.76  .561862552  60.0759664
  3.77  .563356868  60.5229574
  3.78  .564851183  60.9704656
  3.79  .566345498  61.4184853
  3.8  .567839813  61.8670111
  3.81  .569334129  62.3160374
  3.82  .570828444  62.7655588
  3.83  .572322759  63.2155698
  3.84  .573817075  63.6660651
  3.85  .57531139  64.1170394
  3.86  .576805705  64.5684873
  3.87  .578300021  65.0204035
  3.88  .579794336  65.4727829
  3.89  .581288651  65.9256201
  3.9  .582782966  66.3789102
  3.91  .584277282  66.832648
  3.92  .585771597  67.2868283
  3.93  .587265912  67.7414462
  3.94  .588760228  68.1964966
  3.95  .590254543  68.6519745
  3.96  .591748858  69.1078751
  3.97  .593243174  69.5641934
  3.98  .594737489  70.0209245
  3.99  .596231804  70.4780637
  4.  .597726119  70.9356061
  4.01  .599220435  71.393547
  4.02  .60071475  71.8518816
  4.03  .602209065  72.3106053
  4.04  .603703381  72.7697134
  4.05  .605197696  73.2292013
  4.06  .606692011  73.6890644
  4.07  .608186326  74.1492981
  4.08  .609680642  74.609898
  4.09  .611174957  75.0708595
  4.1  .612669272  75.5321782
  4.11  .614163588  75.9938497
  4.12  .615657903  76.4558695
  4.13  .617152218  76.9182334
  4.14  .618646534  77.3809371
  4.15  .620140849  77.8439761
  4.16  .621635164  78.3073463
  4.17  .623129479  78.7710435
  4.18  .624623795  79.2350634
  4.19  .62611811  79.6994019
  4.2  .627612425  80.1640549
  4.21  .629106741  80.6290183
  4.22  .630601056  81.0942879
  4.23  .632095371  81.5598598
  4.24  .633589687  82.02573
  4.25  .635084002  82.4918944
  4.26  .636578317  82.9583492
  4.27  .638072632  83.4250904
  4.28  .639566948  83.8921141
  4.29  .641061263  84.3594165
  4.3  .642555578  84.8269937
  4.31  .644049894  85.294842
  4.32  .645544209  85.7629576
  4.33  .647038524  86.2313367
  4.34  .64853284  86.6999757
  4.35  .650027155  87.1688708
  4.36  .65152147  87.6380184
  4.37  .653015785  88.1074148
  4.38  .654510101  88.5770565
  4.39  .656004416  89.0469399
  4.4  .657498731  89.5170615
  4.41  .658993047  89.9874177
  4.42  .660487362  90.458005
  4.43  .661981677  90.92882
  4.44  .663475993  91.3998593
  4.45  .664970308  91.8711194
  4.46  .666464623  92.3425969
  4.47  .667958938  92.8142885
  4.48  .669453254  93.2861909
  4.49  .670947569  93.7583008
  4.5  .672441884  94.2306148
  4.51  .6739362  94.7031298
  4.52  .675430515  95.1758425
  4.53  .67692483  95.6487496
  4.54  .678419146  96.1218481
  4.55  .679913461  96.5951347
  4.56  .681407776  97.0686064
  4.57  .682902091  97.54226
  4.58  .684396407  98.0160925
  4.59  .685890722  98.4901007
  4.6  .687385037  98.9642817
  4.61  .688879353  99.4386324
  4.62  .690373668  99.9131499
  4.63  .691867983  100.387831
  4.64  .693362299  100.862673
  4.65  .694856614  101.337673
  4.66  .696350929  101.812829
  4.67  .697845244  102.288136
  4.68  .69933956  102.763593
  4.69  .700833875  103.239196
  4.7  .70232819  103.714943
  4.71  .703822506  104.190831
  4.72  .705316821  104.666857
  4.73  .706811136  105.143018
  4.74  .708305451  105.619312
  4.75  .709799767  106.095736
  4.76  .711294082  106.572288
  4.77  .712788397  107.048964
  4.78  .714282713  107.525762
  4.79  .715777028  108.00268
  4.8  .717271343  108.479715
  4.81  .718765659  108.956864
  4.82  .720259974  109.434124
  4.83  .721754289  109.911494
  4.84  .723248604  110.388971
  4.85  .72474292  110.866551
  4.86  .726237235  111.344234
  4.87  .72773155  111.822016
  4.88  .729225866  112.299895
  4.89  .730720181  112.777868
  4.9  .732214496  113.255933
  4.91  .733708812  113.734088
  4.92  .735203127  114.212331
  4.93  .736697442  114.690658
  4.94  .738191757  115.169068
  4.95  .739686073  115.647558
  4.96  .741180388  116.126127
  4.97  .742674703  116.604772
  4.98  .744169019  117.08349
  4.99  .745663334  117.562279
  5.  .747157649  118.041138
  5.01  .748651965  118.520064
  5.02  .75014628  118.999054
  5.03  .751640595  119.478107
  5.04  .75313491  119.957221
  5.05  .754629226  120.436393
  5.06  .756123541  120.915622
  5.07  .757617856  121.394905
  5.08  .759112172  121.874239
  5.09  .760606487  122.353624
  5.1  .762100802  122.833058
  5.11  .763595118  123.312537
  5.12  .765089433  123.79206
  5.13  .766583748  124.271625
  5.14  .768078063  124.751231
  5.15  .769572379  125.230874
  5.16  .771066694  125.710554
  5.17  .772561009  126.190268
  5.18  .774055325  126.670014
  5.19  .77554964  127.149791
  5.2  .777043955  127.629597
