  .995  1.3008247  .148684372 -.0192084553 -15.9837964  229.22203 -323.710732
  .996  1.30126035  .148833804 -.0154344663 -15.9839134  229.571674 -313.147774
  .997  1.30169569  .148983235 -.011647048 -15.9840047  229.921228 -323.582348
  .998  1.30213075  .149132667 -.00784618451 -15.9840703  230.271317
 -347.633188
  .999  1.30256552  .149282098 -.00403186048 -15.9841101  230.621931
 -337.440249
  1.  1.303  .14943153 -.00020405712 -15.9841243  230.972775 -341.378481
  1.001  1.30343419  .149580961  .00363724118 -15.9841129  231.323676
 -330.984782
  1.002  1.30386809  .149730393  .00749205161 -15.9840758  231.67513
 -327.683487
  1.003  1.3043017  .149879824  .0113603923 -15.984013  232.026858 -341.861145
  1.004  1.30473502  .150029256  .015242278 -15.9839246  232.378716 -327.003282
  1.005  1.30516806  .150178687  .0191377268 -15.9838106  232.730678
 -330.756383
