  .01  .0014943153  .217591599
  .02  .0029886306  .0463536445
  .03  .0044829459 -.203671039
  .04  .00597726119 -.492209334
  .05  .00747157649 -.802731935
  .06  .00896589179 -1.12647431
  .07  .0104602071 -1.45812697
  .08  .0119545224 -1.7941977
  .09  .0134488377 -2.13225888
  .1  .014943153 -2.47055583
  .11  .0164374683 -2.80778388
  .12  .0179317836 -3.14295281
  .13  .0194260989 -3.47529983
  .14  .0209204142 -3.8042314
  .15  .0224147295 -4.12928276
  .16  .0239090448 -4.45008911
  .17  .0254033601 -4.76636447
  .18  .0268976754 -5.07788576
  .19  .0283919907 -5.38448077
  .2  .029886306 -5.6860187
  .21  .0313806213 -5.98240278
  .22  .0328749366 -6.27356433
  .23  .0343692519 -6.55945802
  .24  .0358635672 -6.84005793
  .25  .0373578825 -7.11535436
  .26  .0388521978 -7.38535117
  .27  .0403465131 -7.65006355
  .28  .0418408284 -7.90951614
  .29  .0433351437 -8.16374148
  .3  .044829459 -8.41277862
  .31  .0463237743 -8.65667202
  .32  .0478180896 -8.89547054
  .33  .0493124049 -9.12922664
  .34  .0508067201 -9.3579956
  .35  .0523010354 -9.58183496
  .36  .0537953507 -9.80080396
  .37  .055289666 -10.0149631
  .38  .0567839813 -10.2243736
  .39  .0582782966 -10.4290974
  .4  .0597726119 -10.6291964
  .41  .0612669272 -10.8247327
  .42  .0627612425 -11.015768
  .43  .0642555578 -11.2023635
  .44  .0657498731 -11.38458
  .45  .0672441884 -11.5624772
  .46  .0687385037 -11.7361144
  .47  .070232819 -11.9055496
  .48  .0717271343 -12.07084
  .49  .0732214496 -12.2320416
  .5  .0747157649 -12.3892092
  .51  .0762100802 -12.5423966
  .52  .0777043955 -12.6916562
  .53  .0791987108 -12.8370395
  .54  .0806930261 -12.9785963
  .55  .0821873414 -13.1163756
  .56  .0836816567 -13.2504248
  .57  .085175972 -13.3807902
  .58  .0866702873 -13.5075169
  .59  .0881646026 -13.6306487
  .6  .0896589179 -13.7502282
  .61  .0911532332 -13.8662967
  .62  .0926475485 -13.9788946
  .63  .0941418638 -14.0880609
  .64  .0956361791 -14.1938335
  .65  .0971304944 -14.2962491
  .66  .0986248097 -14.3953436
  .67  .100119125 -14.4911515
  .68  .10161344 -14.5837064
  .69  .103107756 -14.6730409
  .7  .104602071 -14.7591867
  .71  .106096386 -14.8421743
  .72  .107590701 -14.9220334
  .73  .109085017 -14.9987929
  .74  .110579332 -15.0724805
  .75  .112073647 -15.1431235
  .76  .113567963 -15.210748
  .77  .115062278 -15.2753793
  .78  .116556593 -15.3370422
  .79  .118050909 -15.3957606
  .8  .119545224 -15.4515575
  .81  .121039539 -15.5044554
  .82  .122533854 -15.5544761
  .83  .12402817 -15.6016406
  .84  .125522485 -15.6459696
  .85  .1270168 -15.6874826
  .86  .128511116 -15.7261992
  .87  .130005431 -15.7621378
  .88  .131499746 -15.7953167
  .89  .132994062 -15.8257534
  .9  .134488377 -15.853465
  .91  .135982692 -15.8784681
  .92  .137477007 -15.9007788
  .93  .138971323 -15.9204127
  .94  .140465638 -15.9373851
  .95  .141959953 -15.9517105
  .96  .143454269 -15.9634036
  .97  .144948584 -15.9724781
  .98  .146442899 -15.9789476
  .99  .147937215 -15.9828254
  1.  .14943153 -15.9841243
  1.01  .150925845 -15.9828568
  1.02  .15242016 -15.9790352
  1.03  .153914476 -15.9726711
  1.04  .155408791 -15.9637763
  1.05  .156903106 -15.9523619
  1.06  .158397422 -15.938439
  1.07  .159891737 -15.9220183
  1.08  .161386052 -15.9031103
  1.09  .162880368 -15.8817251
  1.1  .164374683 -15.8578727
  1.11  .165868998 -15.8315629
  1.12  .167363313 -15.8028051
  1.13  .168857629 -15.7716088
  1.14  .170351944 -15.7379829
  1.15  .171846259 -15.7019365
  1.16  .173340575 -15.6634782
  1.17  .17483489 -15.6226165
  1.18  .176329205 -15.57936
  1.19  .177823521 -15.5337166
  1.2  .179317836 -15.4856946
  1.21  .180812151 -15.4353018
  1.22  .182306466 -15.3825459
  1.23  .183800782 -15.3274346
  1.24  .185295097 -15.2699754
  1.25  .186789412 -15.2101756
  1.26  .188283728 -15.1480424
  1.27  .189778043 -15.083583
  1.28  .191272358 -15.0168044
  1.29  .192766674 -14.9477134
  1.3  .194260989 -14.8763169
  1.31  .195755304 -14.8026215
  1.32  .197249619 -14.726634
  1.33  .198743935 -14.6483607
  1.34  .20023825 -14.5678082
  1.35  .201732565 -14.4849828
  1.36  .203226881 -14.3998908
  1.37  .204721196 -14.3125383
  1.38  .206215511 -14.2229317
  1.39  .207709826 -14.1310768
  1.4  .209204142 -14.0369798
  1.41  .210698457 -13.9406466
  1.42  .212192772 -13.842083
  1.43  .213687088 -13.7412951
  1.44  .215181403 -13.6382885
  1.45  .216675718 -13.5330689
  1.46  .218170034 -13.4256422
  1.47  .219664349 -13.316014
  1.48  .221158664 -13.2041899
  1.49  .222652979 -13.0901755
  1.5  .224147295 -12.9739764
  1.51  .22564161 -12.8555981
  1.52  .227135925 -12.735046
  1.53  .228630241 -12.6123257
  1.54  .230124556 -12.4874426
  1.55  .231618871 -12.3604021
  1.56  .233113187 -12.2312097
  1.57  .234607502 -12.0998706
  1.58  .236101817 -11.9663903
  1.59  .237596132 -11.8307741
  1.6  .239090448 -11.6930273
  1.61  .240584763 -11.5531552
  1.62  .242079078 -11.4111631
  1.63  .243573394 -11.2670564
  1.64  .245067709 -11.1208402
  1.65  .246562024 -10.9725199
  1.66  .24805634 -10.8221007
  1.67  .249550655 -10.6695879
  1.68  .25104497 -10.5149867
  1.69  .252539285 -10.3583023
  1.7  .254033601 -10.1995401
  1.71  .255527916 -10.0387052
  1.72  .257022231 -9.87580292
  1.73  .258516547 -9.71083845
  1.74  .260010862 -9.54381705
  1.75  .261505177 -9.37474396
  1.76  .262999493 -9.20362442
  1.77  .264493808 -9.03046368
  1.78  .265988123 -8.85526699
  1.79  .267482438 -8.67803961
  1.8  .268976754 -8.49878679
  1.81  .270471069 -8.31751381
  1.82  .271965384 -8.13422593
  1.83  .2734597 -7.94892843
  1.84  .274954015 -7.76162661
  1.85  .27644833 -7.57232575
  1.86  .277942646 -7.38103115
  1.87  .279436961 -7.18774813
  1.88  .280931276 -6.99248201
  1.89  .282425591 -6.79523813
  1.9  .283919907 -6.5960218
  1.91  .285414222 -6.3948384
  1.92  .286908537 -6.19169328
  1.93  .288402853 -5.9865918
  1.94  .289897168 -5.77953936
  1.95  .291391483 -5.57054135
  1.96  .292885799 -5.35960316
  1.97  .294380114 -5.14673023
  1.98  .295874429 -4.93192797
  1.99  .297368744 -4.71520183
  2.  .29886306 -4.49655726
  2.01  .300357375 -4.27599972
  2.02  .30185169 -4.0535347
  2.03  .303346006 -3.82916768
  2.04  .304840321 -3.60290417
  2.05  .306334636 -3.37474968
  2.06  .307828951 -3.14470974
  2.07  .309323267 -2.91278989
  2.08  .310817582 -2.67899569
  2.09  .312311897 -2.44333269
  2.1  .313806213 -2.20580649
  2.11  .315300528 -1.96642266
  2.12  .316794843 -1.72518682
  2.13  .318289159 -1.48210459
  2.14  .319783474 -1.23718158
  2.15  .321277789 -.990423451
  2.16  .322772104 -.741835847
  2.17  .32426642 -.491424436
  2.18  .325760735 -.239194898
  2.19  .32725505  .0148470772
  2.2  .328749366  .270695787
  2.21  .330243681  .528345516
  2.22  .331737996  .78779054
  2.23  .333232312  1.04902512
  2.24  .334726627  1.31204351
  2.25  .336220942  1.57683994
  2.26  .337715257  1.84340866
  2.27  .339209573  2.11174386
  2.28  .340703888  2.38183977
  2.29  .342198203  2.65369058
  2.3  .343692519  2.92729048
  2.31  .345186834  3.20263364
  2.32  .346681149  3.47971424
  2.33  .348175465  3.75852642
  2.34  .34966978  4.03906434
  2.35  .351164095  4.32132213
  2.36  .35265841  4.60529393
  2.37  .354152726  4.89097387
  2.38  .355647041  5.17835604
  2.39  .357141356  5.46743456
  2.4  .358635672  5.75820352
  2.41  .360129987  6.05065702
  2.42  .361624302  6.34478913
  2.43  .363118618  6.64059393
  2.44  .364612933  6.93806549
  2.45  .366107248  7.23719788
  2.46  .367601563  7.53798513
  2.47  .369095879  7.84042132
  2.48  .370590194  8.14450047
  2.49  .372084509  8.45021663
  2.5  .373578825  8.75756382
  2.51  .37507314  9.06653609
  2.52  .376567455  9.37712744
  2.53  .378061771  9.6893319
  2.54  .379556086  10.0031435
  2.55  .381050401  10.3185562
  2.56  .382544716  10.6355641
  2.57  .384039032  10.9541611
  2.58  .385533347  11.2743412
  2.59  .387027662  11.5960985
  2.6  .388521978  11.9194269
  2.61  .390016293  12.2443205
  2.62  .391510608  12.5707732
  2.63  .393004924  12.898779
  2.64  .394499239  13.2283319
  2.65  .395993554  13.5594259
  2.66  .397487869  13.892055
  2.67  .398982185  14.2262132
  2.68  .4004765  14.5618944
  2.69  .401970815  14.8990927
  2.7  .403465131  15.2378019
  2.71  .404959446  15.5780163
  2.72  .406453761  15.9197296
  2.73  .407948076  16.2629359
  2.74  .409442392  16.6076292
  2.75  .410936707  16.9538035
  2.76  .412431022  17.3014528
  2.77  .413925338  17.650571
  2.78  .415419653  18.0011523
  2.79  .416913968  18.3531905
  2.8  .418408284  18.7066797
  2.81  .419902599  19.0616139
  2.82  .421396914  19.4179872
  2.83  .422891229  19.7757935
  2.84  .424385545  20.1350268
  2.85  .42587986  20.4956812
  2.86  .427374175  20.8577508
  2.87  .428868491  21.2212295
  2.88  .430362806  21.5861115
  2.89  .431857121  21.9523906
  2.9  .433351437  22.3200611
  2.91  .434845752  22.689117
  2.92  .436340067  23.0595522
  2.93  .437834382  23.431361
  2.94  .439328698  23.8045374
  2.95  .440823013  24.1790754
  2.96  .442317328  24.5549692
  2.97  .443811644  24.9322129
  2.98  .445305959  25.3108005
  2.99  .446800274  25.6907263
  3.  .44829459  26.0719842
  3.01  .449788905  26.4545685
  3.02  .45128322  26.8384733
  3.03  .452777535  27.2236928
  3.04  .454271851  27.610221
  3.05  .455766166  27.9980522
  3.06  .457260481  28.3871806
  3.07  .458754797  28.7776003
  3.08  .460249112  29.1693055
  3.09  .461743427  29.5622905
  3.1  .463237743  29.9565495
  3.11  .464732058  30.3520766
  3.12  .466226373  30.7488662
  3.13  .467720688  31.1469124
  3.14  .469215004  31.5462096
  3.15  .470709319  31.946752
  3.16  .472203634  32.3485339
  3.17  .47369795  32.7515496
  3.18  .475192265  33.1557934
  3.19  .47668658  33.5612596
  3.2  .478180896  33.9679426
  3.21  .479675211  34.3758366
  3.22  .481169526  34.7849361
  3.23  .482663841  35.1952354
  3.24  .484158157  35.6067289
  3.25  .485652472  36.019411
  3.26  .487146787  36.433276
  3.27  .488641103  36.8483185
  3.28  .490135418  37.2645328
  3.29  .491629733  37.6819134
  3.3  .493124049  38.1004547
  3.31  .494618364  38.5201512
  3.32  .496112679  38.9409975
  3.33  .497606994  39.3629879
  3.34  .49910131  39.7861171
  3.35  .500595625  40.2103795
  3.36  .50208994  40.6357697
  3.37  .503584256  41.0622822
  3.38  .505078571  41.4899116
  3.39  .506572886  41.9186526
  3.4  .508067201  42.3484996
  3.41  .509561517  42.7794474
  3.42  .511055832  43.2114905
  3.43  .512550147  43.6446236
  3.44  .514044463  44.0788414
  3.45  .515538778  44.5141385
  3.46  .517033093  44.9505096
  3.47  .518527409  45.3879494
  3.48  .520021724  45.8264527
  3.49  .521516039  46.2660142
  3.5  .523010354  46.7066286
  3.51  .52450467  47.1482908
  3.52  .525998985  47.5909954
  3.53  .5274933  48.0347373
  3.54  .528987616  48.4795114
  3.55  .530481931  48.9253124
  3.56  .531976246  49.3721352
  3.57  .533470562  49.8199746
  3.58  .534964877  50.2688256
  3.59  .536459192  50.7186831
  3.6  .537953507  51.1695419
  3.61  .539447823  51.621397
  3.62  .540942138  52.0742434
  3.63  .542436453  52.5280759
  3.64  .543930769  52.9828897
  3.65  .545425084  53.4386796
  3.66  .546919399  53.8954408
  3.67  .548413715  54.3531681
  3.68  .54990803  54.8118568
  3.69  .551402345  55.2715018
  3.7  .55289666  55.7320982
  3.71  .554390976  56.1936411
  3.72  .555885291  56.6561257
  3.73  .557379606  57.1195471
  3.74  .558873922  57.5839004
  3.75  .560368237  58.0491808
  3.76  .561862552  58.5153835
  3.77  .563356868  58.9825036
  3.78  .564851183  59.4505365
  3.79  .566345498  59.9194773
  3.8  .567839813  60.3893213
  3.81  .569334129  60.8600638
  3.82  .570828444  61.3317
  3.83  .572322759  61.8042253
  3.84  .573817075  62.2776349
  3.85  .57531139  62.7519243
  3.86  .576805705  63.2270888
  3.87  .578300021  63.7031237
  3.88  .579794336  64.1800245
  3.89  .581288651  64.6577865
  3.9  .582782966  65.1364052
  3.91  .584277282  65.6158761
  3.92  .585771597  66.0961945
  3.93  .587265912  66.577356
  3.94  .588760228  67.0593561
  3.95  .590254543  67.5421903
  3.96  .591748858  68.0258541
  3.97  .593243174  68.510343
  3.98  .594737489  68.9956527
  3.99  .596231804  69.4817787
  4.  .597726119  69.9687167
  4.01  .599220435  70.4564622
  4.02  .60071475  70.9450108
  4.03  .602209065  71.4343583
  4.04  .603703381  71.9245003
  4.05  .605197696  72.4154325
  4.06  .606692011  72.9071506
  4.07  .608186326  73.3996503
  4.08  .609680642  73.8929274
  4.09  .611174957  74.3869775
  4.1  .612669272  74.8817966
  4.11  .614163588  75.3773804
  4.12  .615657903  75.8737247
  4.13  .617152218  76.3708253
  4.14  .618646534  76.8686781
  4.15  .620140849  77.3672789
  4.16  .621635164  77.8666237
  4.17  .623129479  78.3667082
  4.18  .624623795  78.8675285
  4.19  .62611811  79.3690804
  4.2  .627612425  79.87136
  4.21  .629106741  80.374363
  4.22  .630601056  80.8780857
  4.23  .632095371  81.3825239
  4.24  .633589687  81.8876736
  4.25  .635084002  82.393531
  4.26  .636578317  82.900092
  4.27  .638072632  83.4073527
  4.28  .639566948  83.9153092
  4.29  .641061263  84.4239576
  4.3  .642555578  84.933294
  4.31  .644049894  85.4433146
  4.32  .645544209  85.9540154
  4.33  .647038524  86.4653927
  4.34  .64853284  86.9774427
  4.35  .650027155  87.4901615
  4.36  .65152147  88.0035454
  4.37  .653015785  88.5175905
  4.38  .654510101  89.0322932
  4.39  .656004416  89.5476497
  4.4  .657498731  90.0636564
  4.41  .658993047  90.5803094
  4.42  .660487362  91.0976051
  4.43  .661981677  91.6155398
  4.44  .663475993  92.13411
  4.45  .664970308  92.6533119
  4.46  .666464623  93.1731419
  4.47  .667958938  93.6935965
  4.48  .669453254  94.2146719
  4.49  .670947569  94.7363648
  4.5  .672441884  95.2586715
  4.51  .6739362  95.7815884
  4.52  .675430515  96.3051121
  4.53  .67692483  96.829239
  4.54  .678419146  97.3539657
  4.55  .679913461  97.8792887
  4.56  .681407776  98.4052044
  4.57  .682902091  98.9317096
  4.58  .684396407  99.4588006
  4.59  .685890722  99.9864742
  4.6  .687385037  100.514727
  4.61  .688879353  101.043555
  4.62  .690373668  101.572956
  4.63  .691867983  102.102926
  4.64  .693362299  102.633461
  4.65  .694856614  103.164559
  4.66  .696350929  103.696216
  4.67  .697845244  104.228429
  4.68  .69933956  104.761194
  4.69  .700833875  105.294508
  4.7  .70232819  105.828369
  4.71  .703822506  106.362772
  4.72  .705316821  106.897714
  4.73  .706811136  107.433193
  4.74  .708305451  107.969205
  4.75  .709799767  108.505748
  4.76  .711294082  109.042816
  4.77  .712788397  109.580409
  4.78  .714282713  110.118522
  4.79  .715777028  110.657152
  4.8  .717271343  111.196297
  4.81  .718765659  111.735953
  4.82  .720259974  112.276117
  4.83  .721754289  112.816787
  4.84  .723248604  113.357958
  4.85  .72474292  113.899628
  4.86  .726237235  114.441795
  4.87  .72773155  114.984454
  4.88  .729225866  115.527604
  4.89  .730720181  116.07124
  4.9  .732214496  116.615361
  4.91  .733708812  117.159963
  4.92  .735203127  117.705043
  4.93  .736697442  118.250598
  4.94  .738191757  118.796626
  4.95  .739686073  119.343123
  4.96  .741180388  119.890087
  4.97  .742674703  120.437515
  4.98  .744169019  120.985403
  4.99  .745663334  121.53375
  5.  .747157649  122.082552
  5.01  .748651965  122.631807
  5.02  .75014628  123.181511
  5.03  .751640595  123.731662
  5.04  .75313491  124.282257
  5.05  .754629226  124.833294
  5.06  .756123541  125.384769
  5.07  .757617856  125.93668
  5.08  .759112172  126.489024
  5.09  .760606487  127.041799
  5.1  .762100802  127.595002
  5.11  .763595118  128.148629
  5.12  .765089433  128.70268
  5.13  .766583748  129.257149
  5.14  .768078063  129.812036
  5.15  .769572379  130.367338
  5.16  .771066694  130.923051
  5.17  .772561009  131.479174
  5.18  .774055325  132.035704
  5.19  .77554964  132.592637
  5.2  .777043955  133.149972
