  .01  .0014943153  1.06825996
  .02  .0029886306  1.51183042
  .03  .0044829459  1.82302877
  .04  .00597726119  2.06572355
  .05  .00747157649  2.26607705
  .06  .00896589179  2.43793318
  .07  .0104602071  2.58966505
  .08  .0119545224  2.72677662
  .09  .0134488377  2.85309763
  .1  .014943153  2.9714049
  .11  .0164374683  3.08377525
  .12  .0179317836  3.19179968
  .13  .0194260989  3.29672045
  .14  .0209204142  3.39952238
  .15  .0224147295  3.50099593
  .16  .0239090448  3.601782
  .17  .0254033601  3.70240454
  .18  .0268976754  3.80329474
  .19  .0283919907  3.90480945
  .2  .029886306  4.00724522
  .21  .0313806213  4.11084934
  .22  .0328749366  4.21582851
  .23  .0343692519  4.32235579
  .24  .0358635672  4.43057619
  .25  .0373578825  4.5406112
  .26  .0388521978  4.65256253
  .27  .0403465131  4.76651518
  .28  .0418408284  4.88254002
  .29  .0433351437  5.00069587
  .3  .044829459  5.12103136
  .31  .0463237743  5.2435864
  .32  .0478180896  5.36839348
  .33  .0493124049  5.49547876
  .34  .0508067201  5.62486299
  .35  .0523010354  5.75656232
  .36  .0537953507  5.89058899
  .37  .055289666  6.02695189
  .38  .0567839813  6.1656571
  .39  .0582782966  6.30670832
  .4  .0597726119  6.45010723
  .41  .0612669272  6.59585384
  .42  .0627612425  6.74394676
  .43  .0642555578  6.89438346
  .44  .0657498731  7.04716048
  .45  .0672441884  7.20227359
  .46  .0687385037  7.35971798
  .47  .070232819  7.5194884
  .48  .0717271343  7.68157926
  .49  .0732214496  7.84598473
  .5  .0747157649  8.01269886
  .51  .0762100802  8.18171562
  .52  .0777043955  8.35302899
  .53  .0791987108  8.52663301
  .54  .0806930261  8.70252181
  .55  .0821873414  8.88068967
  .56  .0836816567  9.06113104
  .57  .085175972  9.24384059
  .58  .0866702873  9.42881318
  .59  .0881646026  9.61604393
  .6  .0896589179  9.80552822
  .61  .0911532332  9.99726168
  .62  .0926475485  10.1912402
  .63  .0941418638  10.38746
  .64  .0956361791  10.5859175
  .65  .0971304944  10.7866093
  .66  .0986248097  10.9895326
  .67  .100119125  11.1946846
  .68  .10161344  11.4020628
  .69  .103107756  11.611665
  .7  .104602071  11.8234891
  .71  .106096386  12.0375336
  .72  .107590701  12.2537969
  .73  .109085017  12.4722777
  .74  .110579332  12.6929749
  .75  .112073647  12.9158878
  .76  .113567963  13.1410156
  .77  .115062278  13.3683578
  .78  .116556593  13.5979142
  .79  .118050909  13.8296846
  .8  .119545224  14.063669
  .81  .121039539  14.2998676
  .82  .122533854  14.5382805
  .83  .12402817  14.7789081
  .84  .125522485  15.021751
  .85  .1270168  15.2668097
  .86  .128511116  15.5140849
  .87  .130005431  15.7635772
  .88  .131499746  16.0152876
  .89  .132994062  16.2692167
  .9  .134488377  16.5253655
  .91  .135982692  16.7837348
  .92  .137477007  17.0443257
  .93  .138971323  17.3071391
  .94  .140465638  17.5721758
  .95  .141959953  17.8394369
  .96  .143454269  18.1089233
  .97  .144948584  18.3806358
  .98  .146442899  18.6545753
  .99  .147937215  18.9307427
  1.  .14943153  19.2091388
  1.01  .150925845  19.4897642
  1.02  .15242016  19.7726197
  1.03  .153914476  20.0577058
  1.04  .155408791  20.3450231
  1.05  .156903106  20.634572
  1.06  .158397422  20.926353
  1.07  .159891737  21.2203661
  1.08  .161386052  21.5166118
  1.09  .162880368  21.8150899
  1.1  .164374683  22.1158005
  1.11  .165868998  22.4187433
  1.12  .167363313  22.7239183
  1.13  .168857629  23.0313249
  1.14  .170351944  23.3409626
  1.15  .171846259  23.6528308
  1.16  .173340575  23.9669287
  1.17  .17483489  24.2832554
  1.18  .176329205  24.6018098
  1.19  .177823521  24.9225908
  1.2  .179317836  25.245597
  1.21  .180812151  25.5708269
  1.22  .182306466  25.8982789
  1.23  .183800782  26.2279511
  1.24  .185295097  26.5598416
  1.25  .186789412  26.8939484
  1.26  .188283728  27.2302691
  1.27  .189778043  27.5688013
  1.28  .191272358  27.9095425
  1.29  .192766674  28.2524899
  1.3  .194260989  28.5976406
  1.31  .195755304  28.9449915
  1.32  .197249619  29.2945393
  1.33  .198743935  29.6462808
  1.34  .20023825  30.0002122
  1.35  .201732565  30.35633
  1.36  .203226881  30.7146301
  1.37  .204721196  31.0751086
  1.38  .206215511  31.4377611
  1.39  .207709826  31.8025834
  1.4  .209204142  32.1695707
  1.41  .210698457  32.5387186
  1.42  .212192772  32.910022
  1.43  .213687088  33.2834758
  1.44  .215181403  33.659075
  1.45  .216675718  34.0368141
  1.46  .218170034  34.4166877
  1.47  .219664349  34.7986899
  1.48  .221158664  35.1828151
  1.49  .222652979  35.5690572
  1.5  .224147295  35.95741
  1.51  .22564161  36.3478672
  1.52  .227135925  36.7404225
  1.53  .228630241  37.1350692
  1.54  .230124556  37.5318006
  1.55  .231618871  37.9306098
  1.56  .233113187  38.3314897
  1.57  .234607502  38.7344332
  1.58  .236101817  39.1394329
  1.59  .237596132  39.5464815
  1.6  .239090448  39.9555714
  1.61  .240584763  40.3666947
  1.62  .242079078  40.7798438
  1.63  .243573394  41.1950106
  1.64  .245067709  41.612187
  1.65  .246562024  42.0313647
  1.66  .24805634  42.4525356
  1.67  .249550655  42.875691
  1.68  .25104497  43.3008224
  1.69  .252539285  43.7279212
  1.7  .254033601  44.1569785
  1.71  .255527916  44.5879854
  1.72  .257022231  45.0209329
  1.73  .258516547  45.455812
  1.74  .260010862  45.8926132
  1.75  .261505177  46.3313274
  1.76  .262999493  46.7719452
  1.77  .264493808  47.214457
  1.78  .265988123  47.6588532
  1.79  .267482438  48.1051241
  1.8  .268976754  48.5532601
  1.81  .270471069  49.0032511
  1.82  .271965384  49.4550874
  1.83  .2734597  49.9087588
  1.84  .274954015  50.3642554
  1.85  .27644833  50.8215668
  1.86  .277942646  51.280683
  1.87  .279436961  51.7415936
  1.88  .280931276  52.2042882
  1.89  .282425591  52.6687565
  1.9  .283919907  53.134988
  1.91  .285414222  53.602972
  1.92  .286908537  54.0726981
  1.93  .288402853  54.5441555
  1.94  .289897168  55.0173336
  1.95  .291391483  55.4922217
  1.96  .292885799  55.9688089
  1.97  .294380114  56.4470844
  1.98  .295874429  56.9270374
  1.99  .297368744  57.4086569
  2.  .29886306  57.891932
  2.01  .300357375  58.3768517
  2.02  .30185169  58.863405
  2.03  .303346006  59.3515809
  2.04  .304840321  59.8413683
  2.05  .306334636  60.3327561
  2.06  .307828951  60.8257332
  2.07  .309323267  61.3202885
  2.08  .310817582  61.8164108
  2.09  .312311897  62.3140889
  2.1  .313806213  62.8133117
  2.11  .315300528  63.314068
  2.12  .316794843  63.8163466
  2.13  .318289159  64.3201363
  2.14  .319783474  64.8254257
  2.15  .321277789  65.3322039
  2.16  .322772104  65.8404594
  2.17  .32426642  66.350181
  2.18  .325760735  66.8613577
  2.19  .32725505  67.373978
  2.2  .328749366  67.8880308
  2.21  .330243681  68.403505
  2.22  .331737996  68.9203892
  2.23  .333232312  69.4386723
  2.24  .334726627  69.958343
  2.25  .336220942  70.4793904
  2.26  .337715257  71.001803
  2.27  .339209573  71.5255699
  2.28  .340703888  72.0506799
  2.29  .342198203  72.5771218
  2.3  .343692519  73.1048847
  2.31  .345186834  73.6339573
  2.32  .346681149  74.1643287
  2.33  .348175465  74.6959878
  2.34  .34966978  75.2289237
  2.35  .351164095  75.7631253
  2.36  .35265841  76.2985817
  2.37  .354152726  76.835282
  2.38  .355647041  77.3732153
  2.39  .357141356  77.9123707
  2.4  .358635672  78.4527375
  2.41  .360129987  78.9943047
  2.42  .361624302  79.5370616
  2.43  .363118618  80.0809975
  2.44  .364612933  80.6261017
  2.45  .366107248  81.1723636
  2.46  .367601563  81.7197724
  2.47  .369095879  82.2683177
  2.48  .370590194  82.8179889
  2.49  .372084509  83.3687754
  2.5  .373578825  83.9206668
  2.51  .37507314  84.4736527
  2.52  .376567455  85.0277226
  2.53  .378061771  85.5828664
  2.54  .379556086  86.1390735
  2.55  .381050401  86.6963338
  2.56  .382544716  87.2546371
  2.57  .384039032  87.8139732
  2.58  .385533347  88.374332
  2.59  .387027662  88.9357034
  2.6  .388521978  89.4980773
  2.61  .390016293  90.0614439
  2.62  .391510608  90.6257931
  2.63  .393004924  91.191115
  2.64  .394499239  91.7573999
  2.65  .395993554  92.324638
  2.66  .397487869  92.8928194
  2.67  .398982185  93.4619345
  2.68  .4004765  94.0319738
  2.69  .401970815  94.6029274
  2.7  .403465131  95.1747861
  2.71  .404959446  95.7475402
  2.72  .406453761  96.3211803
  2.73  .407948076  96.895697
  2.74  .409442392  97.471081
  2.75  .410936707  98.0473231
  2.76  .412431022  98.6244139
  2.77  .413925338  99.2023444
  2.78  .415419653  99.7811053
  2.79  .416913968  100.360688
  2.8  .418408284  100.941083
  2.81  .419902599  101.522281
  2.82  .421396914  102.104274
  2.83  .422891229  102.687052
  2.84  .424385545  103.270607
  2.85  .42587986  103.854931
  2.86  .427374175  104.440014
  2.87  .428868491  105.025848
  2.88  .430362806  105.612424
  2.89  .431857121  106.199733
  2.9  .433351437  106.787768
  2.91  .434845752  107.37652
  2.92  .436340067  107.96598
  2.93  .437834382  108.55614
  2.94  .439328698  109.146992
  2.95  .440823013  109.738528
  2.96  .442317328  110.330739
  2.97  .443811644  110.923617
  2.98  .445305959  111.517155
  2.99  .446800274  112.111345
  3.  .44829459  112.706177
  3.01  .449788905  113.301646
  3.02  .45128322  113.897742
  3.03  .452777535  114.494458
  3.04  .454271851  115.091786
  3.05  .455766166  115.689719
  3.06  .457260481  116.288249
  3.07  .458754797  116.887368
  3.08  .460249112  117.487069
  3.09  .461743427  118.087345
  3.1  .463237743  118.688187
  3.11  .464732058  119.28959
  3.12  .466226373  119.891544
  3.13  .467720688  120.494044
  3.14  .469215004  121.097082
  3.15  .470709319  121.700651
  3.16  .472203634  122.304744
  3.17  .47369795  122.909353
  3.18  .475192265  123.514472
  3.19  .47668658  124.120094
  3.2  .478180896  124.726212
  3.21  .479675211  125.332819
  3.22  .481169526  125.939908
  3.23  .482663841  126.547474
  3.24  .484158157  127.155508
  3.25  .485652472  127.764004
  3.26  .487146787  128.372956
  3.27  .488641103  128.982358
  3.28  .490135418  129.592202
  3.29  .491629733  130.202483
  3.3  .493124049  130.813193
  3.31  .494618364  131.424328
  3.32  .496112679  132.035879
  3.33  .497606994  132.647842
  3.34  .49910131  133.26021
  3.35  .500595625  133.872977
  3.36  .50208994  134.486137
  3.37  .503584256  135.099683
  3.38  .505078571  135.71361
  3.39  .506572886  136.327912
  3.4  .508067201  136.942583
  3.41  .509561517  137.557617
  3.42  .511055832  138.173009
  3.43  .512550147  138.788752
  3.44  .514044463  139.40484
  3.45  .515538778  140.021269
  3.46  .517033093  140.638033
  3.47  .518527409  141.255125
  3.48  .520021724  141.872541
  3.49  .521516039  142.490275
  3.5  .523010354  143.108322
  3.51  .52450467  143.726676
  3.52  .525998985  144.345331
  3.53  .5274933  144.964283
  3.54  .528987616  145.583526
  3.55  .530481931  146.203056
  3.56  .531976246  146.822866
  3.57  .533470562  147.442952
  3.58  .534964877  148.063309
  3.59  .536459192  148.683931
  3.6  .537953507  149.304813
  3.61  .539447823  149.925952
  3.62  .540942138  150.547341
  3.63  .542436453  151.168976
  3.64  .543930769  151.790852
  3.65  .545425084  152.412964
  3.66  .546919399  153.035307
  3.67  .548413715  153.657877
  3.68  .54990803  154.280669
  3.69  .551402345  154.903679
  3.7  .55289666  155.526901
  3.71  .554390976  156.150331
  3.72  .555885291  156.773965
  3.73  .557379606  157.397799
  3.74  .558873922  158.021827
  3.75  .560368237  158.646045
  3.76  .561862552  159.270449
  3.77  .563356868  159.895035
  3.78  .564851183  160.519798
  3.79  .566345498  161.144734
  3.8  .567839813  161.769839
  3.81  .569334129  162.395109
  3.82  .570828444  163.020539
  3.83  .572322759  163.646125
  3.84  .573817075  164.271864
  3.85  .57531139  164.897751
  3.86  .576805705  165.523782
  3.87  .578300021  166.149953
  3.88  .579794336  166.77626
  3.89  .581288651  167.4027
  3.9  .582782966  168.029268
  3.91  .584277282  168.655961
  3.92  .585771597  169.282775
  3.93  .587265912  169.909706
  3.94  .588760228  170.53675
  3.95  .590254543  171.163904
  3.96  .591748858  171.791163
  3.97  .593243174  172.418525
  3.98  .594737489  173.045986
  3.99  .596231804  173.673541
  4.  .597726119  174.301188
  4.01  .599220435  174.928923
  4.02  .60071475  175.556743
  4.03  .602209065  176.184644
  4.04  .603703381  176.812622
  4.05  .605197696  177.440674
  4.06  .606692011  178.068797
  4.07  .608186326  178.696988
  4.08  .609680642  179.325243
  4.09  .611174957  179.953559
  4.1  .612669272  180.581933
  4.11  .614163588  181.210361
  4.12  .615657903  181.83884
  4.13  .617152218  182.467367
  4.14  .618646534  183.095939
  4.15  .620140849  183.724553
  4.16  .621635164  184.353206
  4.17  .623129479  184.981895
  4.18  .624623795  185.610616
  4.19  .62611811  186.239367
  4.2  .627612425  186.868145
  4.21  .629106741  187.496946
  4.22  .630601056  188.125768
  4.23  .632095371  188.754608
  4.24  .633589687  189.383464
  4.25  .635084002  190.012331
  4.26  .636578317  190.641208
  4.27  .638072632  191.270091
  4.28  .639566948  191.898979
  4.29  .641061263  192.527867
  4.3  .642555578  193.156754
  4.31  .644049894  193.785637
  4.32  .645544209  194.414513
  4.33  .647038524  195.043379
  4.34  .64853284  195.672233
  4.35  .650027155  196.301072
  4.36  .65152147  196.929894
  4.37  .653015785  197.558696
  4.38  .654510101  198.187475
  4.39  .656004416  198.81623
  4.4  .657498731  199.444957
  4.41  .658993047  200.073654
  4.42  .660487362  200.702319
  4.43  .661981677  201.33095
  4.44  .663475993  201.959543
  4.45  .664970308  202.588096
  4.46  .666464623  203.216608
  4.47  .667958938  203.845076
  4.48  .669453254  204.473498
  4.49  .670947569  205.10187
  4.5  .672441884  205.730192
  4.51  .6739362  206.35846
  4.52  .675430515  206.986674
  4.53  .67692483  207.614829
  4.54  .678419146  208.242925
  4.55  .679913461  208.870958
  4.56  .681407776  209.498928
  4.57  .682902091  210.126832
  4.58  .684396407  210.754667
  4.59  .685890722  211.382432
  4.6  .687385037  212.010124
  4.61  .688879353  212.637742
  4.62  .690373668  213.265283
  4.63  .691867983  213.892746
  4.64  .693362299  214.520129
  4.65  .694856614  215.147429
  4.66  .696350929  215.774644
  4.67  .697845244  216.401774
  4.68  .69933956  217.028815
  4.69  .700833875  217.655766
  4.7  .70232819  218.282625
  4.71  .703822506  218.90939
  4.72  .705316821  219.53606
  4.73  .706811136  220.162632
  4.74  .708305451  220.789105
  4.75  .709799767  221.415477
  4.76  .711294082  222.041746
  4.77  .712788397  222.66791
  4.78  .714282713  223.293969
  4.79  .715777028  223.919919
  4.8  .717271343  224.545759
  4.81  .718765659  225.171488
  4.82  .720259974  225.797104
  4.83  .721754289  226.422605
  4.84  .723248604  227.04799
  4.85  .72474292  227.673256
  4.86  .726237235  228.298403
  4.87  .72773155  228.923429
  4.88  .729225866  229.548332
  4.89  .730720181  230.173111
  4.9  .732214496  230.797764
  4.91  .733708812  231.42229
  4.92  .735203127  232.046686
  4.93  .736697442  232.670952
  4.94  .738191757  233.295087
  4.95  .739686073  233.919088
  4.96  .741180388  234.542954
  4.97  .742674703  235.166683
  4.98  .744169019  235.790276
  4.99  .745663334  236.413729
  5.  .747157649  237.037041
  5.01  .748651965  237.660211
  5.02  .75014628  238.283239
  5.03  .751640595  238.906121
  5.04  .75313491  239.528858
  5.05  .754629226  240.151447
  5.06  .756123541  240.773888
  5.07  .757617856  241.396179
  5.08  .759112172  242.018318
  5.09  .760606487  242.640305
  5.1  .762100802  243.262138
  5.11  .763595118  243.883816
  5.12  .765089433  244.505338
  5.13  .766583748  245.126702
  5.14  .768078063  245.747908
  5.15  .769572379  246.368953
  5.16  .771066694  246.989838
  5.17  .772561009  247.61056
  5.18  .774055325  248.231119
  5.19  .77554964  248.851513
  5.2  .777043955  249.471741
