  .01  .000835085033
  .02  .00215569833
  .03  .00364343398
  .04  .00522513805
  .05  .00688795684
  .06  .00864446879
  .07  .0105197997
  .08  .0125456193
  .09  .0147569631
  .1  .0171904113
  .11  .019882996
  .12  .0228715229
  .13  .0261921496
  .14  .0298801253
  .15  .0339696349
  .16  .0384937169
  .17  .0434842262
  .18  .0489718337
  .19  .0549860479
  .2  .0615552508
  .21  .0687067487
  .22  .0764668248
  .23  .0848608001
  .24  .0939130964
  .25  .103647298
  .26  .114086218
  .27  .125251958
  .28  .137165967
  .29  .149849107
  .3  .163321706
  .31  .177603612
  .32  .192714245
  .33  .20867265
  .34  .225497541
  .35  .243207343
  .36  .26182024
  .37  .281354207
  .38  .301827052
  .39  .323256444
  .4  .345659951
  .41  .369055067
  .42  .393459232
  .43  .418889869
  .44  .445364396
  .45  .472900254
  .46  .501514923
  .47  .531225934
  .48  .562050894
  .49  .594007492
  .5  .627113514
  .51  .661386852
  .52  .696845516
  .53  .733507637
  .54  .77139148
  .55  .810515442
  .56  .850898062
  .57  .892558021
  .58  .935514145
  .59  .979785406
  .6  1.02539093
  .61  1.07234997
  .62  1.12068194
  .63  1.17040639
  .64  1.22154302
  .65  1.27411166
  .66  1.32813226
  .67  1.38362492
  .68  1.44060985
  .69  1.49910738
  .7  1.55913795
  .71  1.62072212
  .72  1.68388052
  .73  1.74863389
  .74  1.81500306
  .75  1.88300893
  .76  1.95267247
  .77  2.0240147
  .78  2.09705671
  .79  2.17181962
  .8  2.24832459
  .81  2.32659281
  .82  2.40664549
  .83  2.48850383
  .84  2.57218905
  .85  2.65772235
  .86  2.74512491
  .87  2.83441789
  .88  2.9256224
  .89  3.01875951
  .9  3.11385024
  .91  3.21091552
  .92  3.30997624
  .93  3.41105317
  .94  3.51416702
  .95  3.61933836
  .96  3.72658769
  .97  3.83593536
  .98  3.9474016
  .99  4.0610065
  1.  4.17677001
  1.01  4.2947119
  1.02  4.41485182
  1.03  4.53720922
  1.04  4.66180336
  1.05  4.78865334
  1.06  4.91777805
  1.07  5.04919617
  1.08  5.18292618
  1.09  5.31898635
  1.1  5.45739471
  1.11  5.59816907
  1.12  5.74132698
  1.13  5.88688578
  1.14  6.03486254
  1.15  6.18527406
  1.16  6.33813691
  1.17  6.49346736
  1.18  6.65128142
  1.19  6.81159483
  1.2  6.97442304
  1.21  7.1397812
  1.22  7.30768419
  1.23  7.47814656
  1.24  7.65118259
  1.25  7.82680624
  1.26  8.00503117
  1.27  8.18587071
  1.28  8.3693379
  1.29  8.55544544
  1.3  8.74420573
  1.31  8.93563082
  1.32  9.12973246
  1.33  9.32652205
  1.34  9.52601068
  1.35  9.72820911
  1.36  9.93312775
  1.37  10.1407767
  1.38  10.3511657
  1.39  10.5643041
  1.4  10.7802011
  1.41  10.9988654
  1.42  11.2203054
  1.43  11.4445291
  1.44  11.6715444
  1.45  11.9013586
  1.46  12.1339787
  1.47  12.3694116
  1.48  12.6076636
  1.49  12.8487408
  1.5  13.0926488
  1.51  13.3393933
  1.52  13.5889791
  1.53  13.8414112
  1.54  14.0966938
  1.55  14.3548312
  1.56  14.6158271
  1.57  14.8796851
  1.58  15.1464082
  1.59  15.4159993
  1.6  15.688461
  1.61  15.9637956
  1.62  16.2420049
  1.63  16.5230907
  1.64  16.8070542
  1.65  17.0938965
  1.66  17.3836184
  1.67  17.6762204
  1.68  17.9717026
  1.69  18.2700651
  1.7  18.5713073
  1.71  18.8754288
  1.72  19.1824286
  1.73  19.4923056
  1.74  19.8050583
  1.75  20.1206852
  1.76  20.4391842
  1.77  20.7605533
  1.78  21.08479
  1.79  21.4118916
  1.8  21.7418554
  1.81  22.0746782
  1.82  22.4103568
  1.83  22.7488874
  1.84  23.0902665
  1.85  23.4344899
  1.86  23.7815536
  1.87  24.1314532
  1.88  24.4841841
  1.89  24.8397414
  1.9  25.1981203
  1.91  25.5593156
  1.92  25.923322
  1.93  26.2901339
  1.94  26.6597458
  1.95  27.0321516
  1.96  27.4073455
  1.97  27.7853213
  1.98  28.1660726
  1.99  28.549593
  2.  28.9358759
  2.01  29.3249145
  2.02  29.7167019
  2.03  30.111231
  2.04  30.5084947
  2.05  30.9084858
  2.06  31.3111968
  2.07  31.7166201
  2.08  32.1247482
  2.09  32.5355732
  2.1  32.9490874
  2.11  33.3652827
  2.12  33.7841511
  2.13  34.2056845
  2.14  34.6298745
  2.15  35.0567129
  2.16  35.4861912
  2.17  35.9183009
  2.18  36.3530334
  2.19  36.7903801
  2.2  37.2303322
  2.21  37.672881
  2.22  38.1180176
  2.23  38.5657329
  2.24  39.0160182
  2.25  39.4688643
  2.26  39.9242621
  2.27  40.3822024
  2.28  40.8426762
  2.29  41.3056741
  2.3  41.7711868
  2.31  42.2392052
  2.32  42.7097197
  2.33  43.182721
  2.34  43.6581997
  2.35  44.1361463
  2.36  44.6165513
  2.37  45.0994054
  2.38  45.5846988
  2.39  46.0724221
  2.4  46.5625658
  2.41  47.0551202
  2.42  47.5500757
  2.43  48.0474228
  2.44  48.5471518
  2.45  49.0492532
  2.46  49.5537172
  2.47  50.0605343
  2.48  50.5696948
  2.49  51.0811892
  2.5  51.5950077
  2.51  52.1111407
  2.52  52.6295787
  2.53  53.150312
  2.54  53.6733309
  2.55  54.198626
  2.56  54.7261876
  2.57  55.2560061
  2.58  55.7880719
  2.59  56.3223756
  2.6  56.8589076
  2.61  57.3976583
  2.62  57.9386184
  2.63  58.4817782
  2.64  59.0271283
  2.65  59.5746594
  2.66  60.124362
  2.67  60.6762266
  2.68  61.230244
  2.69  61.7864048
  2.7  62.3446997
  2.71  62.9051194
  2.72  63.4676546
  2.73  64.0322961
  2.74  64.5990348
  2.75  65.1678615
  2.76  65.7387669
  2.77  66.3117421
  2.78  66.8867779
  2.79  67.4638654
  2.8  68.0429955
  2.81  68.6241592
  2.82  69.2073476
  2.83  69.7925518
  2.84  70.379763
  2.85  70.9689723
  2.86  71.560171
  2.87  72.1533503
  2.88  72.7485014
  2.89  73.3456158
  2.9  73.9446847
  2.91  74.5456997
  2.92  75.148652
  2.93  75.7535333
  2.94  76.360335
  2.95  76.9690488
  2.96  77.5796661
  2.97  78.1921787
  2.98  78.8065783
  2.99  79.4228566
  3.  80.0410053
  3.01  80.6610163
  3.02  81.2828814
  3.03  81.9065925
  3.04  82.5321416
  3.05  83.1595207
  3.06  83.7887217
  3.07  84.4197368
  3.08  85.0525581
  3.09  85.6871777
  3.1  86.3235877
  3.11  86.9617806
  3.12  87.6017484
  3.13  88.2434837
  3.14  88.8869786
  3.15  89.5322257
  3.16  90.1792174
  3.17  90.8279463
  3.18  91.4784047
  3.19  92.1305854
  3.2  92.784481
  3.21  93.4400841
  3.22  94.0973874
  3.23  94.7563837
  3.24  95.4170659
  3.25  96.0794267
  3.26  96.743459
  3.27  97.4091558
  3.28  98.07651
  3.29  98.7455147
  3.3  99.4161629
  3.31  100.088448
  3.32  100.762362
  3.33  101.4379
  3.34  102.115053
  3.35  102.793816
  3.36  103.474182
  3.37  104.156144
  3.38  104.839695
  3.39  105.524829
  3.4  106.21154
  3.41  106.89982
  3.42  107.589664
  3.43  108.281065
  3.44  108.974016
  3.45  109.668512
  3.46  110.364546
  3.47  111.062112
  3.48  111.761203
  3.49  112.461814
  3.5  113.163938
  3.51  113.867569
  3.52  114.572702
  3.53  115.279329
  3.54  115.987446
  3.55  116.697046
  3.56  117.408124
  3.57  118.120673
  3.58  118.834687
  3.59  119.550162
  3.6  120.26709
  3.61  120.985468
  3.62  121.705288
  3.63  122.426545
  3.64  123.149233
  3.65  123.873348
  3.66  124.598883
  3.67  125.325833
  3.68  126.054193
  3.69  126.783956
  3.7  127.515119
  3.71  128.247674
  3.72  128.981618
  3.73  129.716945
  3.74  130.453649
  3.75  131.191725
  3.76  131.931169
  3.77  132.671975
  3.78  133.414137
  3.79  134.157651
  3.8  134.902513
  3.81  135.648716
  3.82  136.396255
  3.83  137.145127
  3.84  137.895325
  3.85  138.646846
  3.86  139.399684
  3.87  140.153834
  3.88  140.909292
  3.89  141.666052
  3.9  142.424111
  3.91  143.183463
  3.92  143.944104
  3.93  144.706029
  3.94  145.469234
  3.95  146.233714
  3.96  146.999464
  3.97  147.76648
  3.98  148.534757
  3.99  149.304292
  4.  150.075079
  4.01  150.847114
  4.02  151.620393
  4.03  152.394911
  4.04  153.170665
  4.05  153.947649
  4.06  154.72586
  4.07  155.505294
  4.08  156.285945
  4.09  157.067811
  4.1  157.850886
  4.11  158.635167
  4.12  159.42065
  4.13  160.207331
  4.14  160.995205
  4.15  161.784268
  4.16  162.574517
  4.17  163.365947
  4.18  164.158556
  4.19  164.952337
  4.2  165.747289
  4.21  166.543407
  4.22  167.340686
  4.23  168.139124
  4.24  168.938717
  4.25  169.73946
  4.26  170.541351
  4.27  171.344384
  4.28  172.148557
  4.29  172.953866
  4.3  173.760308
  4.31  174.567878
  4.32  175.376573
  4.33  176.186389
  4.34  176.997323
  4.35  177.809372
  4.36  178.622532
  4.37  179.436799
  4.38  180.252169
  4.39  181.068641
  4.4  181.886209
  4.41  182.704871
  4.42  183.524623
  4.43  184.345462
  4.44  185.167384
  4.45  185.990387
  4.46  186.814466
  4.47  187.63962
  4.48  188.465843
  4.49  189.293134
  4.5  190.121488
  4.51  190.950903
  4.52  191.781376
  4.53  192.612903
  4.54  193.445482
  4.55  194.279108
  4.56  195.113779
  4.57  195.949493
  4.58  196.786245
  4.59  197.624033
  4.6  198.462853
  4.61  199.302704
  4.62  200.143581
  4.63  200.985482
  4.64  201.828404
  4.65  202.672343
  4.66  203.517298
  4.67  204.363265
  4.68  205.210241
  4.69  206.058223
  4.7  206.907208
  4.71  207.757195
  4.72  208.608179
  4.73  209.460158
  4.74  210.313129
  4.75  211.16709
  4.76  212.022037
  4.77  212.877969
  4.78  213.734881
  4.79  214.592772
  4.8  215.451639
  4.81  216.31148
  4.82  217.172291
  4.83  218.034069
  4.84  218.896813
  4.85  219.76052
  4.86  220.625186
  4.87  221.49081
  4.88  222.357389
  4.89  223.224921
  4.9  224.093402
  4.91  224.962831
  4.92  225.833204
  4.93  226.704519
  4.94  227.576775
  4.95  228.449968
  4.96  229.324096
  4.97  230.199156
  4.98  231.075146
  4.99  231.952064
  5.  232.829908
  5.01  233.708674
  5.02  234.58836
  5.03  235.468965
  5.04  236.350486
  5.05  237.23292
  5.06  238.116265
  5.07  239.00052
  5.08  239.885681
  5.09  240.771746
  5.1  241.658713
  5.11  242.54658
  5.12  243.435345
  5.13  244.325005
  5.14  245.215558
  5.15  246.107002
  5.16  246.999335
  5.17  247.892554
  5.18  248.786658
  5.19  249.681644
  5.2  250.57751
