  .01  .0014943153  1.21745848
  .02  .0029886306  1.81079309
  .03  .0044829459  2.27118598
  .04  .00597726119  2.66153856
  .05  .00747157649  3.00709738
  .06  .00896589179  3.32084065
  .07  .0104602071  3.61033227
  .08  .0119545224  3.88033046
  .09  .0134488377  4.1339885
  .1  .014943153  4.37348026
  .11  .0164374683  4.60035549
  .12  .0179317836  4.81575474
  .13  .0194260989  5.02054559
  .14  .0209204142  5.21541191
  .15  .0224147295  5.40091366
  .16  .0239090448  5.57752772
  .17  .0254033601  5.74567582
  .18  .0268976754  5.9057438
  .19  .0283919907  6.05809464
  .2  .029886306  6.20307732
  .21  .0313806213  6.34103253
  .22  .0328749366  6.47229628
  .23  .0343692519  6.59720191
  .24  .0358635672  6.71608118
  .25  .0373578825  6.82926444
  .26  .0388521978  6.93708049
  .27  .0403465131  7.039856
  .28  .0418408284  7.13791487
  .29  .0433351437  7.23157735
  .3  .044829459  7.32115929
  .31  .0463237743  7.40697134
  .32  .0478180896  7.48931815
  .33  .0493124049  7.56849775
  .34  .0508067201  7.64480093
  .35  .0523010354  7.7185107
  .36  .0537953507  7.78990189
  .37  .055289666  7.85924079
  .38  .0567839813  7.92678488
  .39  .0582782966  7.99278262
  .4  .0597726119  8.05747336
  .41  .0612669272  8.1210872
  .42  .0627612425  8.18384503
  .43  .0642555578  8.24595857
  .44  .0657498731  8.30763038
  .45  .0672441884  8.36905405
  .46  .0687385037  8.4304143
  .47  .070232819  8.49188715
  .48  .0717271343  8.55364012
  .49  .0732214496  8.61583247
  .5  .0747157649  8.67861537
  .51  .0762100802  8.7421322
  .52  .0777043955  8.80651874
  .53  .0791987108  8.87190348
  .54  .0806930261  8.93840784
  .55  .0821873414  9.00614643
  .56  .0836816567  9.07522735
  .57  .085175972  9.14575242
  .58  .0866702873  9.21781742
  .59  .0881646026  9.29151241
  .6  .0896589179  9.36692191
  .61  .0911532332  9.44412518
  .62  .0926475485  9.52319649
  .63  .0941418638  9.60420529
  .64  .0956361791  9.68721648
  .65  .0971304944  9.77229064
  .66  .0986248097  9.8594842
  .67  .100119125  9.94884972
  .68  .10161344  10.040436
  .69  .103107756  10.1342883
  .7  .104602071  10.2304487
  .71  .106096386  10.3289558
  .72  .107590701  10.4298456
  .73  .109085017  10.5331509
  .74  .110579332  10.6389021
  .75  .112073647  10.747127
  .76  .113567963  10.857851
  .77  .115062278  10.9710972
  .78  .116556593  11.0868866
  .79  .118050909  11.2052383
  .8  .119545224  11.3261694
  .81  .121039539  11.4496954
  .82  .122533854  11.5758298
  .83  .12402817  11.704585
  .84  .125522485  11.8359714
  .85  .1270168  11.9699986
  .86  .128511116  12.1066743
  .87  .130005431  12.2460054
  .88  .131499746  12.3879976
  .89  .132994062  12.5326553
  .9  .134488377  12.6799822
  .91  .135982692  12.8299808
  .92  .137477007  12.9826528
  .93  .138971323  13.1379991
  .94  .140465638  13.2960199
  .95  .141959953  13.4567144
  .96  .143454269  13.6200815
  .97  .144948584  13.7861193
  .98  .146442899  13.9548251
  .99  .147937215  14.1261959
  1.  .14943153  14.3002282
  1.01  .150925845  14.4769178
  1.02  .15242016  14.6562603
  1.03  .153914476  14.8382507
  1.04  .155408791  15.0228836
  1.05  .156903106  15.2101535
  1.06  .158397422  15.4000542
  1.07  .159891737  15.5925794
  1.08  .161386052  15.7877225
  1.09  .162880368  15.9854765
  1.1  .164374683  16.1858344
  1.11  .165868998  16.3887886
  1.12  .167363313  16.5943316
  1.13  .168857629  16.8024556
  1.14  .170351944  17.0131525
  1.15  .171846259  17.2264142
  1.16  .173340575  17.4422323
  1.17  .17483489  17.6605984
  1.18  .176329205  17.8815037
  1.19  .177823521  18.1049397
  1.2  .179317836  18.3308974
  1.21  .180812151  18.5593678
  1.22  .182306466  18.7903419
  1.23  .183800782  19.0238105
  1.24  .185295097  19.2597644
  1.25  .186789412  19.4981943
  1.26  .188283728  19.7390907
  1.27  .189778043  19.9824443
  1.28  .191272358  20.2282456
  1.29  .192766674  20.4764849
  1.3  .194260989  20.7271527
  1.31  .195755304  20.9802395
  1.32  .197249619  21.2357354
  1.33  .198743935  21.4936308
  1.34  .20023825  21.7539159
  1.35  .201732565  22.0165811
  1.36  .203226881  22.2816164
  1.37  .204721196  22.5490122
  1.38  .206215511  22.8187586
  1.39  .207709826  23.0908457
  1.4  .209204142  23.3652638
  1.41  .210698457  23.642003
  1.42  .212192772  23.9210534
  1.43  .213687088  24.2024052
  1.44  .215181403  24.4860485
  1.45  .216675718  24.7719734
  1.46  .218170034  25.0601702
  1.47  .219664349  25.3506288
  1.48  .221158664  25.6433395
  1.49  .222652979  25.9382925
  1.5  .224147295  26.2354778
  1.51  .22564161  26.5348856
  1.52  .227135925  26.8365062
  1.53  .228630241  27.1403296
  1.54  .230124556  27.4463461
  1.55  .231618871  27.7545458
  1.56  .233113187  28.0649191
  1.57  .234607502  28.377456
  1.58  .236101817  28.6921469
  1.59  .237596132  29.008982
  1.6  .239090448  29.3279516
  1.61  .240584763  29.6490458
  1.62  .242079078  29.9722551
  1.63  .243573394  30.2975698
  1.64  .245067709  30.6249801
  1.65  .246562024  30.9544764
  1.66  .24805634  31.286049
  1.67  .249550655  31.6196884
  1.68  .25104497  31.955385
  1.69  .252539285  32.2931291
  1.7  .254033601  32.6329111
  1.71  .255527916  32.9747216
  1.72  .257022231  33.318551
  1.73  .258516547  33.6643898
  1.74  .260010862  34.0122284
  1.75  .261505177  34.3620575
  1.76  .262999493  34.7138675
  1.77  .264493808  35.067649
  1.78  .265988123  35.4233926
  1.79  .267482438  35.781089
  1.8  .268976754  36.1407286
  1.81  .270471069  36.5023023
  1.82  .271965384  36.8658005
  1.83  .2734597  37.2312141
  1.84  .274954015  37.5985338
  1.85  .27644833  37.9677502
  1.86  .277942646  38.3388541
  1.87  .279436961  38.7118363
  1.88  .280931276  39.0866876
  1.89  .282425591  39.4633988
  1.9  .283919907  39.8419607
  1.91  .285414222  40.2223642
  1.92  .286908537  40.6046002
  1.93  .288402853  40.9886596
  1.94  .289897168  41.3745332
  1.95  .291391483  41.7622121
  1.96  .292885799  42.1516873
  1.97  .294380114  42.5429496
  1.98  .295874429  42.9359902
  1.99  .297368744  43.3308
  2.  .29886306  43.7273702
  2.01  .300357375  44.1256918
  2.02  .30185169  44.5257559
  2.03  .303346006  44.9275537
  2.04  .304840321  45.3310763
  2.05  .306334636  45.7363149
  2.06  .307828951  46.1432607
  2.07  .309323267  46.5519049
  2.08  .310817582  46.9622388
  2.09  .312311897  47.3742536
  2.1  .313806213  47.7879407
  2.11  .315300528  48.2032913
  2.12  .316794843  48.6202969
  2.13  .318289159  49.0389487
  2.14  .319783474  49.4592383
  2.15  .321277789  49.8811569
  2.16  .322772104  50.3046961
  2.17  .32426642  50.7298473
  2.18  .325760735  51.1566021
  2.19  .32725505  51.5849519
  2.2  .328749366  52.0148883
  2.21  .330243681  52.4464028
  2.22  .331737996  52.8794871
  2.23  .333232312  53.3141328
  2.24  .334726627  53.7503315
  2.25  .336220942  54.1880749
  2.26  .337715257  54.6273548
  2.27  .339209573  55.0681627
  2.28  .340703888  55.5104906
  2.29  .342198203  55.9543301
  2.3  .343692519  56.399673
  2.31  .345186834  56.8465113
  2.32  .346681149  57.2948367
  2.33  .348175465  57.7446411
  2.34  .34966978  58.1959165
  2.35  .351164095  58.6486548
  2.36  .35265841  59.1028479
  2.37  .354152726  59.5584879
  2.38  .355647041  60.0155667
  2.39  .357141356  60.4740764
  2.4  .358635672  60.934009
  2.41  .360129987  61.3953568
  2.42  .361624302  61.8581117
  2.43  .363118618  62.322266
  2.44  .364612933  62.7878117
  2.45  .366107248  63.2547413
  2.46  .367601563  63.7230467
  2.47  .369095879  64.1927204
  2.48  .370590194  64.6637547
  2.49  .372084509  65.1361417
  2.5  .373578825  65.6098739
  2.51  .37507314  66.0849437
  2.52  .376567455  66.5613434
  2.53  .378061771  67.0390656
  2.54  .379556086  67.5181025
  2.55  .381050401  67.9984468
  2.56  .382544716  68.4800909
  2.57  .384039032  68.9630274
  2.58  .385533347  69.4472488
  2.59  .387027662  69.9327478
  2.6  .388521978  70.4195169
  2.61  .390016293  70.9075488
  2.62  .391510608  71.3968363
  2.63  .393004924  71.887372
  2.64  .394499239  72.3791486
  2.65  .395993554  72.8721589
  2.66  .397487869  73.3663958
  2.67  .398982185  73.8618519
  2.68  .4004765  74.3585203
  2.69  .401970815  74.8563937
  2.7  .403465131  75.3554652
  2.71  .404959446  75.8557275
  2.72  .406453761  76.3571737
  2.73  .407948076  76.8597968
  2.74  .409442392  77.3635898
  2.75  .410936707  77.8685457
  2.76  .412431022  78.3746577
  2.77  .413925338  78.8819188
  2.78  .415419653  79.3903222
  2.79  .416913968  79.8998611
  2.8  .418408284  80.4105285
  2.81  .419902599  80.9223179
  2.82  .421396914  81.4352224
  2.83  .422891229  81.9492353
  2.84  .424385545  82.4643498
  2.85  .42587986  82.9805595
  2.86  .427374175  83.4978575
  2.87  .428868491  84.0162374
  2.88  .430362806  84.5356924
  2.89  .431857121  85.0562162
  2.9  .433351437  85.5778022
  2.91  .434845752  86.1004438
  2.92  .436340067  86.6241346
  2.93  .437834382  87.1488682
  2.94  .439328698  87.6746382
  2.95  .440823013  88.2014382
  2.96  .442317328  88.7292618
  2.97  .443811644  89.2581028
  2.98  .445305959  89.7879548
  2.99  .446800274  90.3188116
  3.  .44829459  90.8506669
  3.01  .449788905  91.3835146
  3.02  .45128322  91.9173484
  3.03  .452777535  92.4521623
  3.04  .454271851  92.98795
  3.05  .455766166  93.5247055
  3.06  .457260481  94.0624227
  3.07  .458754797  94.6010956
  3.08  .460249112  95.1407182
  3.09  .461743427  95.6812845
  3.1  .463237743  96.2227886
  3.11  .464732058  96.7652244
  3.12  .466226373  97.3085862
  3.13  .467720688  97.852868
  3.14  .469215004  98.398064
  3.15  .470709319  98.9441685
  3.16  .472203634  99.4911755
  3.17  .47369795  100.039079
  3.18  .475192265  100.587874
  3.19  .47668658  101.137555
  3.2  .478180896  101.688115
  3.21  .479675211  102.239549
  3.22  .481169526  102.791851
  3.23  .482663841  103.345017
  3.24  .484158157  103.89904
  3.25  .485652472  104.453914
  3.26  .487146787  105.009635
  3.27  .488641103  105.566196
  3.28  .490135418  106.123593
  3.29  .491629733  106.681819
  3.3  .493124049  107.24087
  3.31  .494618364  107.80074
  3.32  .496112679  108.361424
  3.33  .497606994  108.922916
  3.34  .49910131  109.485211
  3.35  .500595625  110.048304
  3.36  .50208994  110.612189
  3.37  .503584256  111.176862
  3.38  .505078571  111.742317
  3.39  .506572886  112.308549
  3.4  .508067201  112.875552
  3.41  .509561517  113.443323
  3.42  .511055832  114.011854
  3.43  .512550147  114.581143
  3.44  .514044463  115.151182
  3.45  .515538778  115.721969
  3.46  .517033093  116.293496
  3.47  .518527409  116.86576
  3.48  .520021724  117.438756
  3.49  .521516039  118.012478
  3.5  .523010354  118.586922
  3.51  .52450467  119.162083
  3.52  .525998985  119.737956
  3.53  .5274933  120.314537
  3.54  .528987616  120.891819
  3.55  .530481931  121.469799
  3.56  .531976246  122.048473
  3.57  .533470562  122.627834
  3.58  .534964877  123.207879
  3.59  .536459192  123.788602
  3.6  .537953507  124.37
  3.61  .539447823  124.952068
  3.62  .540942138  125.5348
  3.63  .542436453  126.118193
  3.64  .543930769  126.702241
  3.65  .545425084  127.286941
  3.66  .546919399  127.872288
  3.67  .548413715  128.458277
  3.68  .54990803  129.044904
  3.69  .551402345  129.632164
  3.7  .55289666  130.220054
  3.71  .554390976  130.808568
  3.72  .555885291  131.397702
  3.73  .557379606  131.987452
  3.74  .558873922  132.577814
  3.75  .560368237  133.168783
  3.76  .561862552  133.760356
  3.77  .563356868  134.352527
  3.78  .564851183  134.945293
  3.79  .566345498  135.538649
  3.8  .567839813  136.132591
  3.81  .569334129  136.727116
  3.82  .570828444  137.322218
  3.83  .572322759  137.917894
  3.84  .573817075  138.51414
  3.85  .57531139  139.110951
  3.86  .576805705  139.708324
  3.87  .578300021  140.306255
  3.88  .579794336  140.904739
  3.89  .581288651  141.503773
  3.9  .582782966  142.103352
  3.91  .584277282  142.703473
  3.92  .585771597  143.304132
  3.93  .587265912  143.905325
  3.94  .588760228  144.507047
  3.95  .590254543  145.109296
  3.96  .591748858  145.712067
  3.97  .593243174  146.315356
  3.98  .594737489  146.91916
  3.99  .596231804  147.523475
  4.  .597726119  148.128297
  4.01  .599220435  148.733623
  4.02  .60071475  149.339448
  4.03  .602209065  149.945769
  4.04  .603703381  150.552583
  4.05  .605197696  151.159885
  4.06  .606692011  151.767672
  4.07  .608186326  152.375941
  4.08  .609680642  152.984687
  4.09  .611174957  153.593908
  4.1  .612669272  154.2036
  4.11  .614163588  154.813758
  4.12  .615657903  155.42438
  4.13  .617152218  156.035463
  4.14  .618646534  156.647002
  4.15  .620140849  157.258994
  4.16  .621635164  157.871436
  4.17  .623129479  158.484325
  4.18  .624623795  159.097656
  4.19  .62611811  159.711427
  4.2  .627612425  160.325634
  4.21  .629106741  160.940274
  4.22  .630601056  161.555343
  4.23  .632095371  162.170839
  4.24  .633589687  162.786758
  4.25  .635084002  163.403096
  4.26  .636578317  164.019851
  4.27  .638072632  164.637019
  4.28  .639566948  165.254596
  4.29  .641061263  165.872581
  4.3  .642555578  166.490969
  4.31  .644049894  167.109757
  4.32  .645544209  167.728943
  4.33  .647038524  168.348523
  4.34  .64853284  168.968493
  4.35  .650027155  169.588852
  4.36  .65152147  170.209595
  4.37  .653015785  170.83072
  4.38  .654510101  171.452224
  4.39  .656004416  172.074104
  4.4  .657498731  172.696356
  4.41  .658993047  173.318978
  4.42  .660487362  173.941966
  4.43  .661981677  174.565318
  4.44  .663475993  175.189031
  4.45  .664970308  175.813102
  4.46  .666464623  176.437528
  4.47  .667958938  177.062305
  4.48  .669453254  177.687432
  4.49  .670947569  178.312905
  4.5  .672441884  178.938722
  4.51  .6739362  179.564879
  4.52  .675430515  180.191373
  4.53  .67692483  180.818203
  4.54  .678419146  181.445365
  4.55  .679913461  182.072857
  4.56  .681407776  182.700675
  4.57  .682902091  183.328816
  4.58  .684396407  183.957279
  4.59  .685890722  184.586061
  4.6  .687385037  185.215158
  4.61  .688879353  185.844569
  4.62  .690373668  186.474289
  4.63  .691867983  187.104318
  4.64  .693362299  187.734652
  4.65  .694856614  188.365288
  4.66  .696350929  188.996224
  4.67  .697845244  189.627457
  4.68  .69933956  190.258985
  4.69  .700833875  190.890806
  4.7  .70232819  191.522916
  4.71  .703822506  192.155313
  4.72  .705316821  192.787994
  4.73  .706811136  193.420958
  4.74  .708305451  194.054201
  4.75  .709799767  194.687721
  4.76  .711294082  195.321516
  4.77  .712788397  195.955583
  4.78  .714282713  196.589919
  4.79  .715777028  197.224523
  4.8  .717271343  197.859392
  4.81  .718765659  198.494523
  4.82  .720259974  199.129915
  4.83  .721754289  199.765564
  4.84  .723248604  200.401468
  4.85  .72474292  201.037626
  4.86  .726237235  201.674034
  4.87  .72773155  202.31069
  4.88  .729225866  202.947593
  4.89  .730720181  203.584739
  4.9  .732214496  204.222127
  4.91  .733708812  204.859754
  4.92  .735203127  205.497618
  4.93  .736697442  206.135717
  4.94  .738191757  206.774048
  4.95  .739686073  207.41261
  4.96  .741180388  208.051399
  4.97  .742674703  208.690415
  4.98  .744169019  209.329654
  4.99  .745663334  209.969115
  5.  .747157649  210.608795
  5.01  .748651965  211.248692
  5.02  .75014628  211.888804
  5.03  .751640595  212.52913
  5.04  .75313491  213.169666
  5.05  .754629226  213.810411
  5.06  .756123541  214.451362
  5.07  .757617856  215.092518
  5.08  .759112172  215.733877
  5.09  .760606487  216.375436
  5.1  .762100802  217.017194
  5.11  .763595118  217.659148
  5.12  .765089433  218.301296
  5.13  .766583748  218.943637
  5.14  .768078063  219.586168
  5.15  .769572379  220.228888
  5.16  .771066694  220.871794
  5.17  .772561009  221.514885
  5.18  .774055325  222.158158
  5.19  .77554964  222.801611
  5.2  .777043955  223.445244
